0 0.860893 0.036855 0.099458 0.073709
0 0.826455 0.096235 0.125109 0.095095
0 0.631837 0.086222 0.164035 0.141794
0 0.436970 0.047976 0.107925 0.095952
0 0.434442 0.127591 0.113989 0.073834
0 0.812557 0.292637 0.119549 0.129316
0 0.911917 0.402061 0.095855 0.060599
0 0.652691 0.410119 0.127892 0.122331
0 0.731928 0.556084 0.097309 0.097309
0 0.760363 0.595207 0.090674 0.079016
0 0.458832 0.438190 0.084927 0.093997
0 0.580199 0.685366 0.067134 0.072287
0 0.608808 0.738329 0.095855 0.072565
0 0.045539 0.437824 0.091078 0.124352
0 0.087435 0.843837 0.104922 0.094528
0 0.233808 0.850628 0.102332 0.097629
0 0.281527 0.969184 0.091749 0.061632
0 0.463083 0.220207 0.073834 0.082902
0 0.639249 0.634067 0.091969 0.081606