0 0.056342 0.953397 0.081428 0.075188
0 0.195373 0.494197 0.082292 0.073631
0 0.319673 0.271569 0.095304 0.089225
0 0.369922 0.336106 0.103950 0.095287
0 0.543173 0.811678 0.105684 0.079694
0 0.522809 0.758777 0.052827 0.053824
0 0.471709 0.738882 0.075365 0.050304
0 0.431006 0.767931 0.066676 0.077097
0 0.486434 0.793919 0.068432 0.063238
0 0.466511 0.853256 0.070166 0.065834
0 0.510254 0.866250 0.062369 0.069300
0 0.397210 0.926372 0.082292 0.080724
0 0.609875 0.362525 0.062369 0.066700
0 0.567862 0.355597 0.075365 0.066700
0 0.626364 0.157358 0.076288 0.068704
0 0.538412 0.262906 0.064968 0.068434
0 0.498705 0.311528 0.077720 0.079016
0 0.339378 0.498057 0.080311 0.081606
0 0.294041 0.613342 0.072539 0.073834
0 0.569948 0.852332 0.051813 0.051813