0 0.703368 0.408031 0.111399 0.098446
0 0.751943 0.053109 0.115285 0.106218
0 0.288860 0.054207 0.095855 0.101430
0 0.370838 0.185881 0.113246 0.123057
0 0.989344 0.659326 0.021311 0.108808
0 0.975389 0.956606 0.049222 0.086788
0 0.810952 0.963731 0.090816 0.072538
0 0.667305 0.777791 0.122332 0.097309
0 0.346187 0.639796 0.108429 0.100836
0 0.557713 0.439767 0.086646 0.079016
0 0.534634 0.500151 0.087403 0.090976
0 0.224162 0.798602 0.103489 0.094612
0 0.113990 0.867876 0.098446 0.093264
0 0.176813 0.159974 0.073834 0.081606