0 0.957373 0.106363 0.085254 0.155694
0 0.892487 0.960492 0.108808 0.079016
0 0.920306 0.731919 0.127892 0.111209
0 0.837996 0.594294 0.124525 0.141794
0 0.754884 0.504322 0.125109 0.099318
0 0.799365 0.199500 0.125109 0.136231
0 0.777125 0.326000 0.108429 0.111209
0 0.515489 0.226155 0.085603 0.105159
0 0.479157 0.205311 0.059350 0.071244
0 0.471779 0.066062 0.092711 0.095855
0 0.386010 0.045337 0.082902 0.090674
0 0.156552 0.754159 0.092897 0.100088
0 0.852332 0.877591 0.075130 0.089378
0 0.766839 0.024611 0.108808 0.049222