0 0.850056 0.410119 0.102869 0.122331
0 0.743396 0.415963 0.082647 0.088402
0 0.918173 0.031295 0.105651 0.062590
0 0.959087 0.852181 0.081826 0.088969
0 0.888977 0.867011 0.075068 0.075991
0 0.852834 0.913344 0.075068 0.083406
0 0.880639 0.969184 0.086189 0.061632
0 0.843105 0.693592 0.094526 0.099862
0 0.777770 0.157119 0.086189 0.100087
0 0.716604 0.171019 0.069508 0.088969
0 0.843105 0.169628 0.072286 0.080628
0 0.603025 0.202169 0.107605 0.095662
0 0.446447 0.454663 0.101925 0.069948
0 0.442199 0.567944 0.076741 0.076547
0 0.384018 0.537915 0.084098 0.083602
0 0.457254 0.402850 0.088083 0.080311
0 0.816062 0.251295 0.056995 0.075130