0 0.817358 0.941147 0.085492 0.094528
0 0.958409 0.572766 0.083182 0.102869
0 0.859820 0.200213 0.086189 0.075066
0 0.907083 0.100122 0.058383 0.091747
0 0.843140 0.100122 0.091749 0.086187
0 0.812557 0.014612 0.080629 0.029224
0 0.569285 0.034074 0.077846 0.068148
0 0.737489 0.084831 0.080628 0.083406
0 0.794485 0.323931 0.100091 0.105650
0 0.709688 0.368416 0.086189 0.088969
0 0.617939 0.401778 0.080629 0.094528
0 0.502559 0.521331 0.100091 0.105650
0 0.448345 0.016004 0.097309 0.032008
0 0.459465 0.076491 0.119549 0.105650
0 0.013601 0.038212 0.027202 0.076424
0 0.084132 0.143216 0.097309 0.116772
0 0.030250 0.703134 0.060500 0.091142
0 0.142516 0.657562 0.080629 0.094528
0 0.357987 0.754872 0.116772 0.105650
0 0.413588 0.607519 0.105651 0.105650
0 0.484488 0.963624 0.091749 0.072752
0 0.025259 0.762953 0.050518 0.038860