0 0.555052 0.832684 0.102332 0.113991
0 0.684665 0.636658 0.097309 0.099741
0 0.754534 0.624352 0.047927 0.085492
0 0.681883 0.436500 0.091749 0.088969
0 0.977979 0.308291 0.044041 0.067359
0 0.651554 0.173007 0.077720 0.076583
0 0.511042 0.159406 0.099805 0.103787
0 0.556774 0.303047 0.080629 0.083406
0 0.526191 0.404525 0.080629 0.086187
0 0.567737 0.473162 0.069190 0.051084
0 0.433051 0.423575 0.072286 0.072539
0 0.310233 0.369772 0.081606 0.100087
0 0.237708 0.270884 0.076397 0.075447
0 0.092694 0.130829 0.086632 0.090674
0 0.387985 0.948187 0.110041 0.103626
0 0.280834 0.946230 0.087575 0.107540