0 0.592236 0.078550 0.088966 0.100106
0 0.506105 0.017037 0.066615 0.034073
0 0.516294 0.112245 0.074039 0.071641
0 0.610586 0.207841 0.092300 0.102869
0 0.823384 0.792746 0.078621 0.077720
0 0.748190 0.730570 0.083930 0.093264
0 0.698463 0.622103 0.090121 0.086175
0 0.583274 0.653888 0.145822 0.139381
0 0.393135 0.503938 0.130829 0.144572
0 0.546364 0.988289 0.113989 0.023422
0 0.429593 0.985751 0.158475 0.028497
0 0.043116 0.293939 0.086232 0.119375
0 0.036269 0.174478 0.072538 0.119550
0 0.187712 0.920568 0.125109 0.099278
0 0.151569 0.750648 0.097309 0.089378
0 0.066812 0.744988 0.061085 0.096193
0 0.035622 0.865933 0.071244 0.084197