0 0.012306 0.649611 0.024611 0.097150
0 0.189310 0.653569 0.115211 0.107416
0 0.210968 0.356012 0.101351 0.092688
0 0.149031 0.272419 0.098752 0.100484
0 0.047228 0.227375 0.094456 0.105681
0 0.390714 0.154609 0.112612 0.109147
0 0.985104 0.971503 0.029792 0.056994
0 0.835532 0.963220 0.130806 0.073560
0 0.625902 0.396725 0.115211 0.110013
0 0.723352 0.381134 0.097022 0.108281
0 0.319301 0.029145 0.037565 0.053109
0 0.258420 0.044689 0.086788 0.089378
0 0.131477 0.195596 0.058290 0.059585
0 0.097150 0.274611 0.046632 0.062176