0 0.953368 0.478304 0.093264 0.121112
0 0.963731 0.401990 0.072538 0.076001
0 0.974732 0.264021 0.050535 0.085036
0 0.913693 0.276816 0.089713 0.101809
0 0.847741 0.303759 0.086675 0.105650
0 0.762834 0.173575 0.100797 0.101036
0 0.966392 0.854247 0.067216 0.161253
0 0.763601 0.101036 0.063472 0.051813
0 0.586788 0.326425 0.064767 0.069948
0 0.573834 0.653497 0.075130 0.084197
0 0.713083 0.728627 0.066062 0.068653
0 0.831606 0.827720 0.069948 0.064767
0 0.822539 0.986399 0.124352 0.027202
0 0.556995 0.170337 0.041451 0.037565