0 0.243449 0.935516 0.093554 0.076231
0 0.343070 0.853222 0.071031 0.065834
0 0.300192 0.824203 0.084027 0.070166
0 0.373390 0.788253 0.093554 0.084894
0 0.369922 0.914725 0.074500 0.072766
0 0.269440 0.287994 0.083162 0.087491
0 0.338737 0.298388 0.079693 0.071900
0 0.254278 0.222159 0.073630 0.078828
0 0.100085 0.252909 0.104815 0.102219
0 0.239121 0.157622 0.076229 0.081428
0 0.286332 0.079228 0.070166 0.084025
0 0.249517 0.073162 0.065833 0.085759
0 0.353899 0.018607 0.080563 0.037214
0 0.370359 0.134234 0.068432 0.071031
0 0.953931 0.585119 0.092138 0.085759
0 0.965627 0.019906 0.068746 0.039812
0 0.665749 0.059303 0.078828 0.087491
0 0.603812 0.041766 0.077964 0.065397
0 0.953368 0.044041 0.059585 0.046632
0 0.717617 0.110104 0.064767 0.056995
0 0.803109 0.705959 0.051813 0.072539