0 0.157243 0.956063 0.110882 0.087873
0 0.379435 0.429625 0.132535 0.128206
0 0.342188 0.052375 0.110013 0.094422
0 0.979695 0.531844 0.040610 0.103950
0 0.838983 0.399306 0.117810 0.110881
0 0.958472 0.265038 0.083056 0.116078
0 0.933838 0.043295 0.116945 0.086590
0 0.276554 0.600389 0.060881 0.058290
0 0.600389 0.588731 0.071244 0.073834
0 0.792098 0.592617 0.060881 0.068653
0 0.547280 0.650907 0.063472 0.058290
0 0.959197 0.905440 0.081606 0.093264
0 0.858808 0.219560 0.080311 0.071244
0 0.781088 0.231218 0.075130 0.063472