0 0.033964 0.201269 0.067928 0.056011
0 0.360104 0.005299 0.090674 0.010598
0 0.439447 0.109503 0.162667 0.161663
0 0.361127 0.094944 0.122501 0.162666
0 0.615171 0.367559 0.170699 0.173712
0 0.276282 0.483031 0.165680 0.159653
0 0.337030 0.578925 0.100411 0.094387
0 0.395770 0.754144 0.137564 0.139572
0 0.484130 0.884678 0.105430 0.113466
0 0.575005 0.886684 0.072295 0.051209
0 0.566973 0.962997 0.046187 0.071291
0 0.384223 0.913294 0.080328 0.086353
0 0.379203 0.923837 0.068282 0.071291
0 0.309920 0.948941 0.078321 0.095391
0 0.283309 0.970202 0.071294 0.059595
0 0.975773 0.038937 0.048454 0.077873
0 0.080311 0.118523 0.098446 0.089378