0 0.638046 0.839831 0.145531 0.132537
0 0.423651 0.745841 0.113477 0.117809
0 0.387268 0.812975 0.108283 0.106550
0 0.279417 0.892672 0.121274 0.129072
0 0.954663 0.379850 0.090674 0.099619
0 0.547857 0.511469 0.108949 0.123974
0 0.176332 0.469941 0.143797 0.116944
0 0.039224 0.433559 0.078448 0.132538
0 0.651906 0.313150 0.126472 0.113478
0 0.977113 0.132537 0.045773 0.112612
0 0.921310 0.158956 0.105684 0.110012
0 0.867603 0.150728 0.072765 0.126472
0 0.563546 0.683472 0.140333 0.117809
0 0.470855 0.841969 0.079016 0.059585
0 0.094560 0.505829 0.101036 0.115285