0 0.748705 0.038245 0.119171 0.076489
0 0.696890 0.113990 0.106215 0.106218
0 0.339916 0.043806 0.119549 0.087612
0 0.203681 0.055699 0.141794 0.111398
0 0.063611 0.246084 0.127222 0.150134
0 0.754169 0.848686 0.113989 0.101516
0 0.212055 0.548575 0.086252 0.076425
0 0.161269 0.592617 0.066062 0.058290
0 0.147872 0.736465 0.113582 0.125780
0 0.075350 0.688144 0.070388 0.077847
0 0.081350 0.803525 0.125109 0.141794
0 0.027470 0.793507 0.054940 0.128464
0 0.051813 0.914734 0.103626 0.125112
0 0.127227 0.985104 0.116772 0.029792
0 0.250000 0.240933 0.090674 0.137306
0 0.030440 0.030440 0.060880 0.060880