0 0.949033 0.489687 0.101934 0.124451
0 0.824032 0.017487 0.079916 0.034974
0 0.546364 0.240681 0.113989 0.110895
0 0.427461 0.244819 0.139896 0.145078
0 0.278426 0.233161 0.106360 0.064767
0 0.184340 0.119819 0.118366 0.076425
0 0.031088 0.061528 0.062176 0.076425
0 0.765544 0.980570 0.075130 0.038860
0 0.682594 0.757650 0.102869 0.105650
0 0.590491 0.696891 0.136941 0.142487
0 0.421386 0.866931 0.136502 0.118470
0 0.258607 0.953368 0.133452 0.093264
0 0.892487 0.597150 0.072539 0.101036
0 0.655440 0.657383 0.044041 0.073834
0 0.302461 0.761010 0.076425 0.053109
0 0.060881 0.675518 0.093264 0.081606