0 0.201004 0.692550 0.105684 0.123006
0 0.177616 0.768347 0.124738 0.106550
0 0.319246 0.812094 0.073630 0.086625
0 0.377719 0.859738 0.102216 0.095287
0 0.431863 0.923406 0.099617 0.111747
0 0.359530 0.356878 0.126472 0.120409
0 0.541006 0.247731 0.123873 0.111747
0 0.506358 0.124291 0.129071 0.126472
0 0.649289 0.133819 0.139468 0.121275
0 0.722055 0.060619 0.123873 0.108281
0 0.822541 0.055856 0.099617 0.100484
0 0.910464 0.031394 0.107414 0.062788
0 0.890973 0.000208 0.080563 0.000416
0 0.867228 0.089378 0.060881 0.077720