0 0.223976 0.778291 0.128207 0.132537
0 0.816496 0.547434 0.121274 0.105681
0 0.816928 0.426594 0.097887 0.085759
0 0.330962 0.210031 0.139468 0.136000
0 0.665334 0.281931 0.113477 0.103084
0 0.893590 0.252478 0.117810 0.103084
0 0.977113 0.304884 0.045773 0.090091
0 0.219215 0.076197 0.099616 0.095287
0 0.664465 0.043296 0.139468 0.086592
0 0.046153 0.103481 0.092305 0.068434
0 0.651554 0.950777 0.106218 0.098446
0 0.369171 0.834845 0.054404 0.073834
0 0.054404 0.756477 0.082902 0.064767
0 0.046632 0.448834 0.093264 0.107513
0 0.312824 0.011010 0.068653 0.022020
0 0.383420 0.045337 0.054404 0.090674
0 0.306347 0.058290 0.073834 0.072539
0 0.746762 0.033031 0.073834 0.066062
0 0.796632 0.135363 0.093264 0.071244
0 0.970855 0.076425 0.058290 0.090674
0 0.697539 0.655440 0.091969 0.056995