0 0.066286 0.987682 0.132572 0.024636
0 0.052424 0.896534 0.104848 0.112612
0 0.100871 0.844864 0.118841 0.112007
0 0.204472 0.849756 0.112612 0.126472
0 0.154229 0.537475 0.095288 0.090956
0 0.096621 0.494594 0.130806 0.102219
0 0.081896 0.129037 0.101351 0.103950
0 0.408903 0.819872 0.133405 0.134269
0 0.325746 0.757069 0.110882 0.116078
0 0.704731 0.382847 0.135999 0.131669
0 0.367876 0.469500 0.106218 0.117756
0 0.408679 0.902202 0.089378 0.053109
0 0.538212 0.400907 0.076425 0.084197
0 0.631477 0.859456 0.068653 0.053109