0 0.922785 0.014896 0.087073 0.029792
0 0.521987 0.025379 0.086189 0.050758
0 0.165155 0.010363 0.068653 0.020725
0 0.981327 0.298197 0.037346 0.105650
0 0.865345 0.224522 0.077846 0.063947
0 0.880545 0.303118 0.103058 0.093245
0 0.956305 0.502547 0.087389 0.102869
0 0.613735 0.315314 0.097309 0.065861
0 0.594780 0.381818 0.096295 0.110787
0 0.360751 0.317667 0.066062 0.066739
0 0.189196 0.292637 0.101190 0.094528
0 0.104288 0.192366 0.112667 0.099723
0 0.214766 0.406628 0.088966 0.088969
0 0.115488 0.451923 0.104032 0.096153
0 0.022588 0.368659 0.045172 0.087058
0 0.152437 0.552013 0.119996 0.104027
0 0.324587 0.469184 0.130669 0.097309
0 0.535889 0.656850 0.086189 0.094528
0 0.541449 0.747209 0.108429 0.080628
0 0.230060 0.748600 0.102869 0.105650
0 0.083910 0.710740 0.100463 0.096655
0 0.043437 0.873709 0.086874 0.100087
0 0.689119 0.921406 0.101036 0.089831
0 0.634585 0.992460 0.111211 0.015080
0 0.570641 0.957707 0.100091 0.084586
0 0.502524 0.912634 0.086189 0.083406
0 0.012953 0.781088 0.025906 0.082902
0 0.027850 0.442358 0.055699 0.091969