0 0.931126 0.176813 0.070391 0.081606
0 0.838699 0.167193 0.125584 0.127132
0 0.571921 0.305828 0.130888 0.122331
0 0.480284 0.296097 0.125109 0.125113
0 0.439967 0.226448 0.116772 0.103155
0 0.184184 0.063947 0.172377 0.127891
0 0.207820 0.225200 0.152914 0.127891
0 0.532572 0.634067 0.142864 0.130829
0 0.800817 0.446561 0.106816 0.113329
0 0.825777 0.871609 0.117876 0.113991
0 0.562176 0.745106 0.155440 0.122331
0 0.266980 0.797927 0.126662 0.132124
0 0.182720 0.683941 0.114144 0.100087
0 0.181347 0.775259 0.072539 0.079016
0 0.188472 0.312824 0.086788 0.079016
0 0.284974 0.297927 0.051813 0.075130