0 0.332944 0.058612 0.074730 0.074731
0 0.292985 0.101688 0.084074 0.081997
0 0.678056 0.710431 0.073691 0.089263
0 0.606442 0.734825 0.084074 0.084072
0 0.588798 0.641928 0.084074 0.083034
0 0.623047 0.549034 0.079919 0.113134
0 0.981485 0.576022 0.037030 0.104831
0 0.406640 0.459772 0.035288 0.034253
0 0.346438 0.510631 0.118322 0.108981
0 0.312706 0.399053 0.094451 0.087188
0 0.454905 0.364803 0.102756 0.103794
0 0.432589 0.246478 0.097567 0.093413
0 0.483448 0.038128 0.097567 0.076256
0 0.944580 0.089079 0.067917 0.082304