0 0.350468 0.847880 0.071085 0.058126
0 0.978581 0.768485 0.042838 0.078421
0 0.866865 0.364247 0.086062 0.097309
0 0.864370 0.546632 0.096616 0.090674
0 0.775058 0.518550 0.102869 0.111209
0 0.696670 0.540710 0.092822 0.099927
0 0.484518 0.437353 0.077845 0.084550
0 0.677749 0.130706 0.069508 0.086187
0 0.257931 0.316981 0.080629 0.080628
0 0.205103 0.255816 0.080629 0.069506
0 0.286016 0.235751 0.075637 0.077720
0 0.068653 0.184461 0.075130 0.078766
0 0.255607 0.491693 0.063027 0.048152
0 0.253886 0.549336 0.077720 0.067131
0 0.099456 0.489608 0.080629 0.070007
0 0.101809 0.558134 0.087038 0.062488
0 0.341969 0.803756 0.046632 0.037565
0 0.827073 0.884067 0.060881 0.058290