0 0.357813 0.631478 0.122144 0.125606
0 0.456565 0.655734 0.103085 0.094422
0 0.437943 0.568244 0.119544 0.110013
0 0.439673 0.926438 0.121274 0.097019
0 0.427461 0.857828 0.113990 0.088713
0 0.450934 0.464725 0.110882 0.109147
0 0.492515 0.334788 0.128207 0.128206
0 0.546222 0.225209 0.126472 0.129072
0 0.902252 0.487250 0.095288 0.086625
0 0.742861 0.670459 0.100486 0.094422
0 0.809131 0.328291 0.106549 0.101350
0 0.787473 0.213081 0.127337 0.125606
0 0.731167 0.166303 0.118675 0.115213
0 0.486020 0.064950 0.104815 0.103084
0 0.403290 0.070581 0.090090 0.112612
0 0.316665 0.076213 0.124738 0.115213
0 0.261941 0.097003 0.083467 0.108281
0 0.700777 0.292746 0.059585 0.093264
0 0.816062 0.481865 0.054404 0.056995
0 0.868523 0.674870 0.068653 0.088083
0 0.421632 0.749352 0.117876 0.102332
0 0.506477 0.793394 0.067358 0.097150