0 0.801486 0.005801 0.094385 0.011602
0 0.220608 0.035422 0.093384 0.070844
0 0.070389 0.121050 0.140778 0.178731
0 0.413901 0.164225 0.078321 0.064263
0 0.497241 0.228991 0.094385 0.099406
0 0.437495 0.296769 0.091373 0.092378
0 0.453061 0.405213 0.070289 0.076313
0 0.325536 0.416759 0.126519 0.127522
0 0.314994 0.476003 0.119488 0.069284
0 0.530879 0.705944 0.077315 0.085350
0 0.431972 0.763681 0.124508 0.132544
0 0.334574 0.704437 0.062256 0.060247
0 0.279349 0.851041 0.176725 0.156641
0 0.179436 0.664275 0.107442 0.088362
0 0.132244 0.809369 0.099405 0.125516
0 0.014660 0.839491 0.029320 0.113466
0 0.043782 0.930866 0.087563 0.127522
0 0.985590 0.938900 0.028820 0.107441
0 0.951101 0.776234 0.074302 0.067275
0 0.989104 0.714481 0.021792 0.098403
0 0.929006 0.471484 0.064263 0.064263
0 0.976554 0.107494 0.046892 0.109447