0 0.010507 0.751131 0.021014 0.067275
0 0.326263 0.878482 0.072295 0.085005
0 0.231375 0.931369 0.061250 0.072297
0 0.210789 0.688372 0.062256 0.068278
0 0.364921 0.628125 0.125513 0.130534
0 0.241917 0.539766 0.072295 0.114469
0 0.724894 0.431319 0.066270 0.074303
0 0.681719 0.439353 0.060245 0.068278
0 0.668165 0.153181 0.067276 0.074303
0 0.576787 0.228491 0.107442 0.108444
0 0.512524 0.245056 0.071294 0.087359
0 0.366928 0.312834 0.095391 0.100413
0 0.327767 0.247569 0.063257 0.062256
0 0.151545 0.150672 0.126519 0.127522
0 0.112385 0.244053 0.094385 0.057234
0 0.979427 0.492069 0.041145 0.085350
0 0.958352 0.567378 0.081333 0.081334
0 0.944283 0.715987 0.111433 0.087359