0 0.771565 0.030939 0.102869 0.061878
0 0.831339 0.008696 0.066726 0.017392
0 0.834117 0.100800 0.100091 0.088969
0 0.720128 0.092459 0.094526 0.083406
0 0.653402 0.146675 0.116771 0.113991
0 0.579725 0.023316 0.097309 0.046632
0 0.500488 0.022598 0.122332 0.045195
0 0.610308 0.326000 0.130669 0.139012
0 0.162689 0.338512 0.113989 0.113991
0 0.155738 0.181428 0.077846 0.072288
0 0.009752 0.452503 0.019504 0.091747
0 0.036166 0.502547 0.072332 0.080628
0 0.107083 0.519228 0.102869 0.091747
0 0.468518 0.598466 0.097309 0.111209
0 0.544973 0.615147 0.083406 0.088969
0 0.554702 0.934875 0.113989 0.100087
0 0.557484 0.777791 0.113989 0.108431
0 0.059820 0.981340 0.086189 0.037320
0 0.107083 0.900122 0.058383 0.091747
0 0.044507 0.900122 0.089014 0.086187
0 0.026436 0.779181 0.052871 0.100087
0 0.676813 0.949482 0.066062 0.077720