0 0.022415 0.961667 0.044830 0.076666
0 0.075959 0.891706 0.042173 0.121497
0 0.129680 0.896225 0.125513 0.134550
0 0.241639 0.721006 0.134552 0.117481
0 0.526806 0.662266 0.140577 0.126519
0 0.404809 0.534744 0.129532 0.126519
0 0.403803 0.611559 0.109449 0.043178
0 0.354603 0.460441 0.083340 0.066272
0 0.566470 0.477509 0.101417 0.120494
0 0.296365 0.394169 0.135557 0.148609
0 0.009364 0.440859 0.018727 0.097400
0 0.138215 0.031908 0.090372 0.063816
0 0.074455 0.020361 0.055225 0.040722
0 0.685958 0.022870 0.059243 0.045740
0 0.595591 0.177281 0.077315 0.080328
0 0.790387 0.063312 0.123507 0.125516
0 0.789884 0.363041 0.118487 0.108444
0 0.941506 0.370572 0.098404 0.101416
0 0.764279 0.955643 0.081333 0.088714