0 0.123656 0.986399 0.066160 0.027202
0 0.813459 0.975121 0.097887 0.049758
0 0.596033 0.813809 0.111747 0.115212
0 0.771446 0.781325 0.095288 0.109147
0 0.841612 0.763131 0.095288 0.109147
0 0.722505 0.662647 0.118675 0.102219
0 0.323597 0.724584 0.102216 0.087491
0 0.920878 0.616303 0.106549 0.103084
0 0.580875 0.362059 0.109148 0.105681
0 0.491650 0.075328 0.121274 0.123006
0 0.303241 0.144628 0.104815 0.102219
0 0.664032 0.028569 0.136869 0.057137
0 0.961521 0.345218 0.076958 0.099720
0 0.185881 0.978627 0.073834 0.042746
0 0.035622 0.488990 0.071244 0.086788
0 0.213731 0.369819 0.067358 0.099741
0 0.976684 0.413212 0.046632 0.038860
0 0.119819 0.009067 0.071244 0.018134