0 0.457601 0.925932 0.073232 0.080779
0 0.538623 0.977525 0.066884 0.044950
0 0.024690 0.813256 0.049380 0.116772
0 0.057040 0.352650 0.093174 0.079675
0 0.187490 0.289937 0.079642 0.090236
0 0.430052 0.588196 0.088083 0.083127
0 0.584574 0.722897 0.063943 0.086187
0 0.649909 0.745141 0.066726 0.108431
0 0.805606 0.580311 0.094526 0.085492
0 0.756351 0.629425 0.096107 0.088300
0 0.372772 0.061815 0.082332 0.082179
0 0.692494 0.249149 0.089105 0.096743
0 0.606203 0.293712 0.064797 0.075789
0 0.521767 0.270875 0.090166 0.104259
0 0.431316 0.208651 0.104260 0.095652
0 0.345589 0.135338 0.081089 0.083406
0 0.552952 0.474759 0.101943 0.108894
0 0.264249 0.886658 0.075130 0.047927