0 0.979615 0.836178 0.040769 0.108431
0 0.987956 0.696891 0.024088 0.046632
0 0.765489 0.723575 0.098335 0.105650
0 0.602719 0.786122 0.082127 0.080606
0 0.471296 0.107080 0.108429 0.107084
0 0.567213 0.042059 0.088966 0.084118
0 0.253047 0.142907 0.088966 0.099286
0 0.290581 0.334341 0.086189 0.077847
0 0.339235 0.421919 0.088966 0.091747
0 0.346503 0.287565 0.063472 0.095855
0 0.177468 0.324482 0.062190 0.086788
0 0.101036 0.352103 0.077720 0.091131
0 0.305835 0.692952 0.116851 0.116686
0 0.221573 0.614637 0.098305 0.081606
0 0.273900 0.852859 0.102869 0.097309
0 0.209883 0.787386 0.075207 0.067000