0 0.100571 0.962353 0.137733 0.075294
0 0.042967 0.938566 0.083162 0.093556
0 0.279453 0.826388 0.116076 0.115212
0 0.230511 0.705544 0.097887 0.107416
0 0.330560 0.720269 0.102216 0.098753
0 0.499046 0.679991 0.120409 0.104816
0 0.674464 0.675225 0.129936 0.124741
0 0.470461 0.867534 0.104815 0.090091
0 0.280317 0.609822 0.117810 0.120409
0 0.346587 0.459097 0.118675 0.108281
0 0.120926 0.449566 0.128207 0.111747
0 0.033177 0.260291 0.066354 0.126472
0 0.196291 0.237334 0.105684 0.101350
0 0.837751 0.087906 0.108283 0.112612
0 0.661469 0.018398 0.097022 0.036796
0 0.294610 0.039623 0.104815 0.079245
0 0.298079 0.164138 0.123873 0.100484
0 0.591321 0.185881 0.079016 0.066062
0 0.505829 0.093264 0.058290 0.077720
0 0.080959 0.623705 0.107513 0.086788
0 0.365285 0.609456 0.067358 0.060881
0 0.569948 0.598446 0.075130 0.088083
0 0.384715 0.895078 0.046632 0.095855