0 0.968264 0.382031 0.063472 0.085680
0 0.922857 0.308606 0.102472 0.105650
0 0.756240 0.197840 0.147354 0.115886
0 0.835478 0.273949 0.072286 0.097121
0 0.738033 0.329459 0.139279 0.136231
0 0.695596 0.504535 0.119171 0.130832
0 0.771919 0.591386 0.121558 0.112824
0 0.980570 0.602979 0.038860 0.045337
0 0.603326 0.805699 0.119549 0.121762
0 0.496114 0.939767 0.139896 0.120466
0 0.290546 0.714525 0.133452 0.133453
0 0.195302 0.528973 0.123765 0.109760
0 0.198797 0.772909 0.122332 0.133453
0 0.215759 0.920860 0.105093 0.101285
0 0.326888 0.937824 0.094929 0.124352