0 0.843851 0.806824 0.086189 0.085150
0 0.789217 0.914734 0.077007 0.091747
0 0.590850 0.592225 0.102869 0.113991
0 0.540194 0.587469 0.098524 0.117943
0 0.687611 0.370501 0.092839 0.095924
0 0.751943 0.297519 0.091969 0.113991
0 0.711788 0.163860 0.081606 0.084197
0 0.226633 0.949722 0.097309 0.100556
0 0.312957 0.907482 0.102598 0.089574
0 0.280852 0.626630 0.100091 0.095228
0 0.411521 0.521331 0.111211 0.111209
0 0.388150 0.286065 0.107907 0.091083
0 0.201615 0.266937 0.102869 0.086187
0 0.029793 0.161917 0.059585 0.088083
0 0.176166 0.589523 0.069948 0.069659
0 0.366580 0.562176 0.080311 0.077720
0 0.108161 0.435881 0.042746 0.055699
0 0.148316 0.434585 0.037565 0.066062
0 0.156736 0.049870 0.090674 0.099740
0 0.322539 0.231865 0.054404 0.067358
0 0.444948 0.448187 0.079016 0.049223