0 0.969884 0.215469 0.060232 0.108431
0 0.914746 0.198486 0.105651 0.113391
0 0.850508 0.090026 0.099503 0.110104
0 0.827170 0.196908 0.097309 0.101069
0 0.554702 0.044484 0.091749 0.088968
0 0.306995 0.030581 0.098446 0.061162
0 0.305012 0.233808 0.081686 0.089378
0 0.257216 0.258562 0.108429 0.100087
0 0.112644 0.222452 0.075068 0.066665
0 0.110104 0.276476 0.064767 0.063629
0 0.200223 0.330850 0.094526 0.105650
0 0.273900 0.365603 0.119549 0.125112
0 0.491510 0.550518 0.076566 0.088083
0 0.578338 0.620466 0.094526 0.082902
0 0.815597 0.868828 0.101967 0.113991
0 0.306782 0.971503 0.057420 0.056994
0 0.082861 0.806871 0.093345 0.126695
0 0.021373 0.544928 0.042746 0.088969
0 0.120986 0.486544 0.080629 0.105650
0 0.031995 0.868828 0.063989 0.097309
0 0.023654 0.985153 0.047308 0.029694