0 0.836140 0.082365 0.089378 0.120245
0 0.406606 0.100087 0.111211 0.100087
0 0.310310 0.105650 0.086941 0.111209
0 0.121885 0.400356 0.124598 0.111209
0 0.201596 0.522687 0.146031 0.127891
0 0.367681 0.419819 0.155692 0.133453
0 0.462212 0.401747 0.100091 0.158475
0 0.686558 0.662044 0.098387 0.100782
0 0.703304 0.750669 0.090545 0.088969
0 0.577372 0.685881 0.097749 0.086788
0 0.647096 0.889646 0.125109 0.122263
0 0.360323 0.685881 0.118732 0.110104
0 0.273835 0.640277 0.118133 0.109569
0 0.476110 0.844560 0.088966 0.062176
0 0.500788 0.948187 0.138321 0.103626