0 0.030869 0.085600 0.061738 0.089263
0 0.661666 0.016332 0.122477 0.032664
0 0.558910 0.056812 0.128705 0.113623
0 0.663738 0.066397 0.072657 0.090300
0 0.751445 0.063557 0.117284 0.127114
0 0.792965 0.149950 0.092374 0.089263
0 0.730168 0.190947 0.101717 0.094453
0 0.783104 0.220528 0.053970 0.058125
0 0.204976 0.173822 0.114172 0.091338
0 0.914921 0.278134 0.114172 0.106906
0 0.913882 0.346119 0.103795 0.062275
0 0.838630 0.349753 0.044631 0.061237
0 0.881706 0.407875 0.089262 0.094453
0 0.923742 0.482606 0.057086 0.079922
0 0.884300 0.501291 0.081996 0.084072