0 0.121648 0.793250 0.105430 0.112459
0 0.268250 0.632591 0.091373 0.104428
0 0.335023 0.573347 0.104429 0.102419
0 0.232102 0.507578 0.081334 0.091375
0 0.188923 0.549250 0.105430 0.116478
0 0.399789 0.472938 0.097398 0.108444
0 0.339037 0.427250 0.042173 0.063259
0 0.413344 0.256050 0.094385 0.116478
0 0.706041 0.020081 0.053218 0.040162
0 0.650816 0.046691 0.091373 0.093381
0 0.914397 0.259062 0.078321 0.086353
0 0.726124 0.421728 0.023096 0.066272
0 0.695499 0.858016 0.088360 0.103425
0 0.737672 0.969423 0.072295 0.061154
0 0.706544 0.984987 0.090372 0.030025