0 0.934585 0.965692 0.130829 0.068616
0 0.945897 0.612886 0.108206 0.153234
0 0.763948 0.474727 0.144476 0.151527
0 0.959197 0.338953 0.081606 0.095004
0 0.960492 0.432328 0.079016 0.102869
0 0.625316 0.146436 0.115917 0.137179
0 0.676323 0.116818 0.125109 0.122238
0 0.487265 0.077847 0.141794 0.133453
0 0.530030 0.346141 0.116107 0.102869
0 0.436417 0.542098 0.126720 0.128238
0 0.754169 0.203764 0.108429 0.109600
0 0.712435 0.726684 0.108808 0.145078
0 0.797927 0.882124 0.113990 0.113990
0 0.343264 0.533031 0.085492 0.073834