0 0.027851 0.037565 0.055697 0.075130
0 0.896373 0.325036 0.085492 0.124539
0 0.697032 0.293350 0.074849 0.100087
0 0.629515 0.287536 0.101073 0.106160
0 0.578478 0.304659 0.084417 0.088592
0 0.348218 0.412900 0.111211 0.111209
0 0.902202 0.956606 0.091969 0.086788
0 0.818005 0.799223 0.071244 0.072539
0 0.654793 0.692091 0.094560 0.081074
0 0.275052 0.814327 0.087201 0.092384
0 0.165155 0.807219 0.097150 0.082453
0 0.045337 0.707193 0.090674 0.100914
0 0.477979 0.242876 0.077720 0.058290
0 0.258420 0.434585 0.071244 0.076425