0 0.988990 0.626061 0.022020 0.063003
0 0.906408 0.209831 0.088966 0.072511
0 0.986564 0.077881 0.026871 0.075066
0 0.642487 0.284326 0.111399 0.102332
0 0.663212 0.435144 0.101036 0.094528
0 0.646451 0.522719 0.119549 0.102869
0 0.505867 0.371114 0.060805 0.073834
0 0.088083 0.558403 0.077720 0.085266
0 0.207972 0.816062 0.071103 0.056995
0 0.169711 0.867472 0.116625 0.119550
0 0.910577 0.893884 0.080629 0.083406
0 0.861922 0.861909 0.072286 0.080628
0 0.134889 0.958063 0.102869 0.083874
0 0.899456 0.446263 0.141794 0.127891