0 0.030248 0.759041 0.060496 0.097309
0 0.030440 0.569681 0.060880 0.097912
0 0.194646 0.536271 0.084802 0.085489
0 0.346862 0.538212 0.105651 0.097150
0 0.185295 0.983161 0.082777 0.033678
0 0.988989 0.942538 0.022022 0.086187
0 0.975090 0.266937 0.049820 0.086187
0 0.820895 0.162678 0.113989 0.122331
0 0.724977 0.561183 0.077846 0.079707
0 0.976684 0.586932 0.046632 0.064477
0 0.446953 0.886819 0.072286 0.058612
0 0.525259 0.539147 0.073834 0.074556
0 0.640180 0.169628 0.108429 0.108431
0 0.499777 0.089000 0.088966 0.097309
0 0.365285 0.245466 0.082902 0.084197
0 0.260363 0.323187 0.072539 0.071244
0 0.306347 0.109456 0.081606 0.086788
0 0.195339 0.009053 0.102869 0.018106
0 0.091079 0.017487 0.083406 0.034974
0 0.021373 0.073709 0.042746 0.100087
0 0.598446 0.976036 0.085492 0.047927