0 0.077065 0.007388 0.043592 0.014776
0 0.044761 0.650506 0.089522 0.094453
0 0.012065 0.749109 0.024130 0.119362
0 0.437226 0.967710 0.093413 0.064580
0 0.318386 0.629750 0.077846 0.084072
0 0.287249 0.599650 0.086146 0.096528
0 0.290360 0.448631 0.092374 0.093413
0 0.319425 0.372862 0.094451 0.087188
0 0.383255 0.300725 0.107945 0.106906
0 0.418026 0.380647 0.092374 0.073694
0 0.591879 0.445516 0.087185 0.072656
0 0.582018 0.538409 0.040481 0.044631
0 0.843056 0.444478 0.093413 0.091338
0 0.905853 0.107150 0.094451 0.089263
0 0.924536 0.239487 0.096529 0.088225
0 0.849806 0.310584 0.086146 0.064353
0 0.885615 0.644281 0.072657 0.094453
0 0.813996 0.652066 0.053970 0.091338
0 0.735633 0.727316 0.042554 0.073694
0 0.972906 0.980684 0.054188 0.038632