0 0.958549 0.516287 0.082902 0.115094
0 0.985854 0.232513 0.028292 0.076425
0 0.911372 0.344750 0.107307 0.122331
0 0.900259 0.428520 0.093265 0.073012
0 0.820596 0.339237 0.104922 0.116864
0 0.844329 0.229372 0.106678 0.125112
0 0.763404 0.204347 0.133026 0.119550
0 0.889249 0.136231 0.104922 0.083406
0 0.853318 0.025907 0.091291 0.051813
0 0.945298 0.018135 0.108429 0.036269
0 0.528258 0.268294 0.141794 0.147353
0 0.397588 0.355570 0.136234 0.133420
0 0.437814 0.455534 0.116600 0.138155
0 0.526866 0.448834 0.116772 0.125648
0 0.566259 0.476085 0.132518 0.151457
0 0.695050 0.476385 0.130625 0.131527
0 0.600600 0.686847 0.125226 0.139259
0 0.506017 0.987694 0.125109 0.024611
0 0.509067 0.171632 0.103627 0.081606