0 0.353917 0.785672 0.072765 0.070166
0 0.285913 0.806028 0.075365 0.064103
0 0.419750 0.616753 0.081428 0.080563
0 0.505078 0.510203 0.089225 0.080563
0 0.388565 0.508906 0.084891 0.093556
0 0.684388 0.791738 0.082292 0.097887
0 0.610325 0.781341 0.072765 0.092688
0 0.987510 0.665697 0.024980 0.088356
0 0.493817 0.375934 0.078828 0.078828
0 0.550988 0.346050 0.075365 0.067569
0 0.472592 0.327859 0.077964 0.081428
0 0.801333 0.243400 0.101351 0.104816
0 0.703446 0.233438 0.089225 0.097019
0 0.742861 0.016234 0.069301 0.032467
0 0.709509 0.038323 0.090954 0.076645
0 0.584197 0.413860 0.062176 0.079016
0 0.407383 0.334197 0.060881 0.051813