0 0.277786 0.100966 0.098404 0.102419
0 0.044005 0.711469 0.088010 0.108444
0 0.467563 0.462447 0.086353 0.086353
0 0.341547 0.512653 0.101417 0.098403
0 0.442963 0.682350 0.091373 0.098403
0 0.358119 0.792300 0.084346 0.073300
0 0.309417 0.766191 0.077315 0.037153
0 0.359120 0.866603 0.066270 0.041169
0 0.567974 0.717994 0.076314 0.069284
0 0.662364 0.683353 0.128526 0.124509
0 0.785367 0.751131 0.071294 0.067275
0 0.696505 0.901244 0.140577 0.146600
0 0.711563 0.973717 0.104429 0.052566
0 0.944143 0.150672 0.111714 0.127522
0 0.912385 0.244053 0.094385 0.057234
0 0.988342 0.694948 0.023316 0.066062