0 0.659704 0.984876 0.097022 0.030248
0 0.758455 0.932069 0.100486 0.092688
0 0.039900 0.807763 0.075365 0.072766
0 0.100972 0.791738 0.071031 0.071900
0 0.992707 0.542688 0.014586 0.084894
0 0.087112 0.519734 0.069302 0.071900
0 0.149913 0.493747 0.064968 0.064969
0 0.091873 0.457363 0.070166 0.075363
0 0.228309 0.366841 0.077964 0.069300
0 0.281152 0.258991 0.091824 0.090956
0 0.084513 0.298406 0.084891 0.083159
0 0.461763 0.554816 0.078828 0.090091
0 0.391164 0.481184 0.081428 0.079694
0 0.980578 0.586434 0.038843 0.080563
0 0.499880 0.395859 0.059770 0.078828
0 0.496762 0.613342 0.045337 0.058290
0 0.154145 0.564767 0.059585 0.059585
0 0.627591 0.147021 0.050518 0.055699
0 0.990933 0.822539 0.018134 0.049223