0 0.054608 0.970207 0.090090 0.059585
0 0.073666 0.582953 0.124738 0.138600
0 0.226125 0.637959 0.136869 0.134269
0 0.071932 0.273269 0.088355 0.085759
0 0.384359 0.952073 0.139184 0.095854
0 0.659686 0.952166 0.090954 0.095668
0 0.746744 0.947401 0.100486 0.105198
0 0.944403 0.852791 0.111194 0.116944
0 0.975156 0.585984 0.049687 0.110013
0 0.898770 0.209430 0.101351 0.096685
0 0.814744 0.213911 0.099617 0.103988
0 0.641704 0.034974 0.089649 0.069948
0 0.792098 0.402202 0.117876 0.125648
0 0.586788 0.838731 0.077720 0.094560
0 0.241580 0.795337 0.053109 0.046632
0 0.228627 0.854275 0.058290 0.055699
0 0.145725 0.881477 0.058290 0.050518
0 0.298575 0.952720 0.047927 0.084197
0 0.612047 0.268135 0.058290 0.064767
0 0.914508 0.479922 0.064767 0.071244