0 0.420615 0.983143 0.097022 0.033714
0 0.895324 0.939830 0.128207 0.120339
0 0.637181 0.945028 0.105684 0.109944
0 0.617258 0.848909 0.128207 0.103084
0 0.617690 0.740628 0.122144 0.115212
0 0.787473 0.753188 0.132535 0.129937
0 0.413254 0.794769 0.103085 0.105681
0 0.944197 0.513238 0.111606 0.124741
0 0.577407 0.395859 0.090090 0.089225
0 0.545790 0.441772 0.087491 0.097888
0 0.868901 0.304903 0.127337 0.120409
0 0.583037 0.043520 0.110013 0.087040
0 0.451367 0.063653 0.092689 0.091822
0 0.762352 0.050450 0.118675 0.100900
0 0.761010 0.565415 0.073834 0.089378
0 0.591321 0.215026 0.091969 0.095855