0 0.153596 0.762603 0.077846 0.081997
0 0.136991 0.656734 0.071619 0.069541
0 0.014783 0.276334 0.029565 0.051897
0 0.008036 0.295534 0.016071 0.063313
0 0.410484 0.015172 0.089262 0.030344
0 0.935159 0.288788 0.028026 0.076806
0 0.885339 0.291384 0.086146 0.092375
0 0.937753 0.369747 0.095490 0.089263
0 0.841225 0.359888 0.097567 0.094453
0 0.826697 0.423719 0.089262 0.085109
0 0.832924 0.611066 0.078885 0.044631
0 0.828769 0.565916 0.093413 0.089263
0 0.654917 0.620925 0.100679 0.093413
0 0.555793 0.720050 0.114172 0.113134
0 0.882223 0.926597 0.090301 0.075769