0 0.448141 0.697766 0.121671 0.116944
0 0.492461 0.784393 0.114455 0.094427
0 0.693920 0.639294 0.144666 0.143797
0 0.800036 0.569128 0.128207 0.121275
0 0.719906 0.497228 0.132535 0.145531
0 0.613789 0.562197 0.135134 0.140331
0 0.579573 0.415369 0.160256 0.146397
0 0.398092 0.341737 0.126472 0.146397
0 0.498146 0.306653 0.106549 0.133403
0 0.483853 0.398044 0.114346 0.104816
0 0.722073 0.314881 0.159391 0.167187
0 0.778379 0.112613 0.129936 0.154194
0 0.682658 0.043313 0.148130 0.086625
0 0.496762 0.844560 0.081606 0.031088