0 0.597055 0.173800 0.102869 0.100087
0 0.532383 0.237047 0.101036 0.082902
0 0.280440 0.097878 0.091969 0.073994
0 0.103560 0.144652 0.105651 0.102776
0 0.374950 0.585432 0.102233 0.116459
0 0.637367 0.664512 0.133452 0.119550
0 0.866736 0.767381 0.136234 0.125112
0 0.394128 0.840551 0.102935 0.093510
0 0.330134 0.776554 0.108455 0.107513
0 0.059074 0.814328 0.111211 0.092386
0 0.260643 0.895275 0.119549 0.130672
0 0.357732 0.959197 0.114428 0.081606
0 0.244107 0.972150 0.097021 0.055699
0 0.801813 0.233808 0.054404 0.053109
0 0.152202 0.952073 0.094560 0.088083
0 0.436528 0.887306 0.069948 0.064767
0 0.454663 0.674223 0.101036 0.123057