0 0.692066 0.972798 0.117293 0.054404
0 0.460927 0.690925 0.090247 0.077847
0 0.898007 0.341623 0.105540 0.096546
0 0.798575 0.540155 0.073834 0.077720
0 0.690415 0.541516 0.059585 0.059715
0 0.610308 0.535231 0.091749 0.088969
0 0.512999 0.525500 0.102869 0.086187
0 0.510221 0.414291 0.113989 0.097309
0 0.643135 0.242228 0.102332 0.103627
0 0.633158 0.157700 0.084969 0.082240
0 0.265544 0.176166 0.090674 0.088083
0 0.192760 0.138601 0.092773 0.090674
0 0.009715 0.264156 0.019430 0.091747
0 0.990933 0.871114 0.018134 0.081606
0 0.244819 0.248705 0.049223 0.049223