0 0.852979 0.084197 0.125648 0.124352
0 0.776414 0.218912 0.108429 0.101036
0 0.963969 0.371197 0.072062 0.111209
0 0.745831 0.508819 0.102869 0.108431
0 0.640780 0.195312 0.118348 0.123785
0 0.484456 0.311056 0.119171 0.118821
0 0.916167 0.795184 0.121034 0.141794
0 0.809680 0.888319 0.113800 0.122326
0 0.725500 0.910566 0.093486 0.088969
0 0.736794 0.788500 0.087578 0.110678
0 0.580405 0.941381 0.116772 0.117237
0 0.294924 0.692357 0.101861 0.120466
0 0.216193 0.604230 0.100091 0.110193
0 0.072221 0.907784 0.121126 0.127891