0 0.239121 0.957622 0.076229 0.081428
0 0.286332 0.879228 0.070166 0.084025
0 0.249517 0.873163 0.065833 0.085759
0 0.294562 0.755353 0.084891 0.087491
0 0.353899 0.795634 0.080563 0.083159
0 0.370359 0.934234 0.068432 0.071031
0 0.227427 0.542688 0.084027 0.084894
0 0.169041 0.572947 0.042746 0.053588
0 0.965627 0.802131 0.068746 0.075363
0 0.665749 0.859303 0.078828 0.087491
0 0.603812 0.837216 0.077964 0.074497
0 0.679609 0.717238 0.077094 0.092687
0 0.709929 0.757953 0.089225 0.084025
0 0.613339 0.728066 0.090090 0.083159
0 0.659253 0.632778 0.088355 0.093556
0 0.684807 0.417081 0.085761 0.090091
0 0.702996 0.472091 0.077094 0.077097
0 0.514155 0.339313 0.084027 0.082771
0 0.957902 0.846503 0.058290 0.053109
0 0.719560 0.905440 0.071244 0.062176
0 0.557642 0.398316 0.066062 0.073834
0 0.584197 0.457254 0.041451 0.051813