0 0.173137 0.019581 0.095391 0.039159
0 0.028077 0.179738 0.056154 0.124509
0 0.205769 0.406666 0.084346 0.092378
0 0.116906 0.600963 0.131539 0.133547
0 0.512021 0.333366 0.098404 0.104428
0 0.649586 0.059244 0.086353 0.094388
0 0.745480 0.051713 0.109449 0.103425
0 0.835348 0.017069 0.086353 0.034138
0 0.776608 0.096897 0.059243 0.077316
0 0.860451 0.193794 0.076314 0.088362
0 0.925720 0.306253 0.098404 0.102419
0 0.886560 0.395622 0.106436 0.110453
0 0.880031 0.456872 0.087359 0.056231
0 0.950320 0.586903 0.091373 0.089366
0 0.984950 0.686312 0.030100 0.085350