0 0.423633 0.799531 0.086626 0.099619
0 0.010412 0.605491 0.020824 0.101350
0 0.376422 0.828119 0.110013 0.104816
0 0.196242 0.314000 0.144666 0.129937
0 0.569596 0.956723 0.111747 0.086554
0 0.578258 0.870566 0.089225 0.085759
0 0.499430 0.892653 0.097887 0.100484
0 0.657087 0.431375 0.099617 0.108281
0 0.539709 0.392828 0.112612 0.097019
0 0.528015 0.463859 0.099617 0.095287
0 0.409773 0.179297 0.107414 0.106550
0 0.214378 0.402202 0.097150 0.076425
0 0.063472 0.533679 0.069948 0.069948
0 0.359456 0.568005 0.094560 0.086788
0 0.674223 0.608161 0.094560 0.081606
0 0.589378 0.825130 0.075130 0.067358