0 0.846014 0.376756 0.122079 0.105650
0 0.945184 0.333662 0.109632 0.108431
0 0.702702 0.602002 0.113989 0.105558
0 0.829016 0.645078 0.072539 0.082902
0 0.877857 0.721509 0.086189 0.094528
0 0.882030 0.782675 0.111211 0.100087
0 0.678408 0.970573 0.104323 0.058853
0 0.594273 0.970574 0.080628 0.058852
0 0.200869 0.920546 0.116772 0.107931
0 0.163542 0.789226 0.091333 0.075861
0 0.403305 0.221503 0.076809 0.062176
0 0.201425 0.970207 0.084197 0.056995
0 0.970207 0.193653 0.059585 0.073834
0 0.881477 0.229275 0.107513 0.077720
0 0.485751 0.365285 0.080311 0.085492