0 0.031230 0.015703 0.062460 0.031406
0 0.247718 0.186541 0.091373 0.109447
0 0.312484 0.212147 0.114468 0.112459
0 0.481675 0.475725 0.101417 0.101416
0 0.526860 0.511872 0.061250 0.077316
0 0.453559 0.518400 0.077315 0.074303
0 0.501758 0.591197 0.081333 0.093381
0 0.589117 0.611281 0.095391 0.093381
0 0.801486 0.768425 0.094385 0.086353
0 0.689527 0.423009 0.163668 0.170700
0 0.816047 0.232228 0.111456 0.100413
0 0.750275 0.289463 0.116475 0.108444
0 0.220608 0.826663 0.093384 0.088362
0 0.070389 0.915842 0.140778 0.168316
0 0.413901 0.964225 0.078321 0.064263
0 0.497241 0.989644 0.094385 0.020712
0 0.976554 0.907494 0.046892 0.109447