0 0.730735 0.932919 0.112612 0.109147
0 0.648005 0.944178 0.111747 0.102219
0 0.465227 0.809909 0.123873 0.121275
0 0.492515 0.878778 0.100486 0.082294
0 0.107900 0.569525 0.100486 0.118675
0 0.774915 0.787388 0.116076 0.103950
0 0.869770 0.508022 0.101351 0.092688
0 0.926076 0.435256 0.113477 0.106550
0 0.821689 0.393244 0.114346 0.102219
0 0.817360 0.535741 0.109148 0.116944
0 0.714275 0.575156 0.114346 0.119544
0 0.518501 0.417497 0.121274 0.116078
0 0.419750 0.479434 0.119544 0.104816
0 0.047020 0.463844 0.094040 0.120409
0 0.648875 0.381550 0.106549 0.113478
0 0.670965 0.091787 0.124738 0.129937
0 0.424516 0.101316 0.120409 0.107416
0 0.675293 0.205700 0.129936 0.116944
0 0.883626 0.055855 0.132535 0.111710
0 0.966285 0.090922 0.067430 0.098753
0 0.944630 0.257675 0.110739 0.125606