0 0.985855 0.603691 0.028290 0.088211
0 0.952492 0.565463 0.095016 0.102235
0 0.881453 0.552461 0.097103 0.089378
0 0.755346 0.425346 0.095525 0.089033
0 0.664492 0.451791 0.108429 0.102869
0 0.678021 0.608510 0.107688 0.095258
0 0.602638 0.880389 0.104240 0.113110
0 0.016192 0.599726 0.032383 0.098475
0 0.064156 0.455928 0.063545 0.077781
0 0.069100 0.370704 0.074235 0.070423
0 0.126569 0.337435 0.066610 0.060881
0 0.543551 0.038925 0.077846 0.077847
0 0.468483 0.060534 0.083406 0.065461
0 0.148148 0.084387 0.073498 0.070329
0 0.112047 0.541451 0.068653 0.064767