0 0.883120 0.035109 0.093863 0.070218
0 0.813943 0.068828 0.100091 0.097309
0 0.702737 0.096631 0.100091 0.086188
0 0.798654 0.213400 0.097309 0.086188
0 0.868163 0.260666 0.097309 0.102869
0 0.879582 0.380829 0.085590 0.080311
0 0.968139 0.413578 0.063722 0.086188
0 0.769430 0.429404 0.088083 0.086788
0 0.678062 0.342219 0.101943 0.101944
0 0.622456 0.383922 0.078772 0.074141
0 0.554109 0.191622 0.099626 0.092675
0 0.363351 0.029793 0.084179 0.059585
0 0.239016 0.035572 0.104260 0.071144
0 0.181278 0.098548 0.085354 0.093469
0 0.278370 0.126943 0.090418 0.085492
0 0.446375 0.286613 0.092675 0.101944
0 0.527464 0.433734 0.101943 0.081091
0 0.156736 0.200980 0.088083 0.092858
0 0.042098 0.422927 0.084196 0.097150
0 0.028570 0.622559 0.057140 0.097309
0 0.036680 0.760685 0.073360 0.099090
0 0.078066 0.745356 0.051121 0.083406
0 0.373420 0.864665 0.081037 0.076480
0 0.361399 0.733161 0.072539 0.064767
0 0.525127 0.670342 0.074098 0.071254
0 0.560517 0.764059 0.082174 0.087704
0 0.723243 0.630669 0.081089 0.108894
0 0.431316 0.980412 0.104260 0.039175
0 0.341969 0.933290 0.072539 0.066062