0 0.464378 0.008697 0.081606 0.017394
0 0.037877 0.019818 0.075754 0.039636
0 0.146654 0.091069 0.136234 0.130672
0 0.155407 0.347649 0.124285 0.112396
0 0.035100 0.382124 0.070195 0.088083
0 0.639249 0.501100 0.156736 0.144687
0 0.745734 0.569948 0.088843 0.111399
0 0.837435 0.819548 0.125648 0.141688
0 0.215767 0.929826 0.141004 0.121310
0 0.392991 0.837604 0.167386 0.138939
0 0.576425 0.794041 0.132124 0.085492
0 0.410775 0.609588 0.180715 0.155694
0 0.258733 0.589610 0.090005 0.106681
0 0.509475 0.408019 0.155692 0.147353
0 0.502591 0.283008 0.132124 0.097105
0 0.257772 0.746762 0.111399 0.099741