0 0.037115 0.633372 0.074230 0.131538
0 0.278568 0.827166 0.071294 0.079325
0 0.539136 0.652450 0.084346 0.077316
0 0.483911 0.698137 0.078321 0.084347
0 0.454287 0.756878 0.077315 0.083341
0 0.392030 0.636884 0.085347 0.088362
0 0.478886 0.529447 0.072295 0.082338
0 0.596367 0.094163 0.084346 0.087359
0 0.413119 0.169472 0.075308 0.085350
0 0.523569 0.033274 0.105430 0.066548
0 0.439734 0.005663 0.058225 0.011325
0 0.875515 0.309044 0.086353 0.079325
0 0.814259 0.363766 0.082339 0.074303
0 0.909152 0.446103 0.079327 0.082338