0 0.089615 0.082728 0.072066 0.080628
0 0.780618 0.113313 0.108429 0.091747
0 0.875033 0.226346 0.097085 0.112076
0 0.766715 0.246762 0.119549 0.119550
0 0.793129 0.299223 0.100091 0.075130
0 0.697207 0.191159 0.086189 0.097309
0 0.383040 0.413032 0.113989 0.096216
0 0.399721 0.307928 0.102869 0.102869
0 0.369060 0.512278 0.119393 0.100087
0 0.137306 0.426813 0.075130 0.084197
0 0.235686 0.470855 0.091749 0.081606
0 0.033679 0.771373 0.067358 0.097150
0 0.414522 0.733306 0.101066 0.119550
0 0.604922 0.768619 0.108808 0.084523
0 0.455927 0.850078 0.098509 0.102869
0 0.379235 0.887033 0.077123 0.090128
0 0.159231 0.844254 0.111211 0.097834
0 0.264878 0.961878 0.127892 0.076244
0 0.160622 0.964658 0.091749 0.070684
0 0.057753 0.948187 0.108429 0.103626