0 0.961954 0.957363 0.076092 0.085274
0 0.884495 0.837631 0.110013 0.093556
0 0.323165 0.508453 0.101351 0.097019
0 0.734631 0.472506 0.132535 0.106550
0 0.753257 0.399306 0.090090 0.079694
0 0.714275 0.360325 0.100486 0.105681
0 0.121328 0.432225 0.115211 0.102219
0 0.037924 0.540506 0.075848 0.103950
0 0.274651 0.394109 0.099616 0.077962
0 0.206219 0.297956 0.097887 0.079694
0 0.239571 0.223459 0.053707 0.048509
0 0.978627 0.174223 0.042746 0.079016
0 0.829016 0.304404 0.080311 0.072539
0 0.652850 0.895725 0.028497 0.058290
0 0.194948 0.409974 0.071244 0.050518
0 0.264249 0.658031 0.062176 0.064767