0 0.902850 0.079663 0.129534 0.136010
0 0.634067 0.667746 0.141192 0.143782
0 0.957373 0.906362 0.085254 0.155694
0 0.799365 0.965692 0.125109 0.068616
0 0.521341 0.989323 0.097309 0.021353
0 0.474623 0.982513 0.068418 0.034974
0 0.464007 0.863342 0.077167 0.089378
0 0.384067 0.840674 0.091969 0.095855
0 0.306022 0.393326 0.100391 0.136392
0 0.198604 0.441062 0.120006 0.115285
0 0.042098 0.410622 0.084196 0.082902
0 0.642487 0.777202 0.113990 0.093264
0 0.778497 0.805052 0.126943 0.133420
0 0.893135 0.009715 0.081606 0.019430
0 0.201425 0.603627 0.055699 0.080311