0 0.981012 0.917325 0.037976 0.107416
0 0.837603 0.738342 0.104588 0.126943
0 0.591699 0.947402 0.125607 0.105196
0 0.506808 0.895669 0.101351 0.100484
0 0.432745 0.912559 0.097022 0.089225
0 0.376007 0.808609 0.125607 0.104816
0 0.093175 0.841528 0.090090 0.087491
0 0.079765 0.656150 0.063269 0.103084
0 0.029262 0.472938 0.058524 0.109147
0 0.076716 0.270669 0.112612 0.136000
0 0.612924 0.522747 0.117810 0.127338
0 0.696951 0.332172 0.109148 0.118675
0 0.439542 0.131175 0.089828 0.071847
0 0.647573 0.151559 0.102216 0.109147
0 0.957624 0.010811 0.084752 0.021622
0 0.473446 0.198834 0.102332 0.086788
0 0.801813 0.398964 0.085492 0.111399
0 0.146373 0.718912 0.069948 0.075130
0 0.141839 0.843912 0.029793 0.034974
0 0.107513 0.931995 0.038860 0.029793