0 0.847274 0.314169 0.113989 0.111209
0 0.733285 0.325335 0.113989 0.083313
0 0.662090 0.369772 0.072885 0.105650
0 0.770915 0.452295 0.105839 0.096300
0 0.697539 0.463336 0.066062 0.075919
0 0.808353 0.551878 0.102869 0.097309
0 0.748578 0.608875 0.105651 0.088969
0 0.898710 0.656138 0.100091 0.094528
0 0.924080 0.780854 0.089664 0.093733
0 0.770819 0.757124 0.088966 0.091969
0 0.762953 0.700084 0.080311 0.078924
0 0.521987 0.802103 0.086189 0.097309
0 0.431629 0.735375 0.094526 0.086187
0 0.172280 0.775691 0.106218 0.100087
0 0.107729 0.971252 0.119549 0.057495
0 0.516839 0.636658 0.088083 0.047927