0 0.016476 0.787388 0.032952 0.103950
0 0.300192 0.633194 0.115211 0.110881
0 0.069770 0.508022 0.101351 0.092688
0 0.126076 0.435256 0.113477 0.106550
0 0.039431 0.393244 0.078862 0.102219
0 0.035967 0.535741 0.071934 0.116944
0 0.395480 0.438288 0.120409 0.121275
0 0.337007 0.469906 0.103950 0.120409
0 0.419300 0.249012 0.100486 0.115212
0 0.586056 0.287994 0.129071 0.122141
0 0.083626 0.055855 0.132535 0.111710
0 0.189742 0.090922 0.114346 0.098753
0 0.151198 0.257675 0.123873 0.125606
0 0.913495 0.955631 0.089225 0.088737
0 0.835969 0.987681 0.109148 0.024637
0 0.974724 0.683003 0.050552 0.129072
0 0.962597 0.717653 0.074806 0.110013
0 0.927788 0.733247 0.095288 0.092688
0 0.689136 0.598544 0.148130 0.128206
0 0.969959 0.515384 0.060081 0.116078
0 0.870185 0.443053 0.106549 0.094422
0 0.959998 0.290594 0.080004 0.082294
0 0.633695 0.034199 0.113477 0.068398
0 0.073187 0.329663 0.094560 0.076425