0 0.756982 0.964378 0.127892 0.071244
0 0.530440 0.886456 0.091969 0.076022
0 0.481740 0.656172 0.116772 0.097309
0 0.473792 0.572004 0.115978 0.112468
0 0.853169 0.325700 0.107893 0.086943
0 0.805636 0.254425 0.086189 0.111209
0 0.724440 0.273918 0.070643 0.094468
0 0.978581 0.243306 0.042838 0.088969
0 0.915456 0.251647 0.083406 0.100087
0 0.949277 0.119456 0.082491 0.080881
0 0.883487 0.052509 0.086189 0.086884
0 0.815370 0.031294 0.100091 0.062587
0 0.008420 0.343912 0.016839 0.071244
0 0.047643 0.239637 0.095285 0.098446
0 0.271829 0.902850 0.097309 0.077720
0 0.784787 0.564425 0.094526 0.097309
0 0.674870 0.743936 0.046632 0.055230