0 0.223659 0.641928 0.107945 0.112097
0 0.049035 0.124522 0.098070 0.133894
0 0.524656 0.016852 0.097567 0.033703
0 0.297872 0.182125 0.121439 0.122475
0 0.355997 0.258412 0.115211 0.096528
0 0.457709 0.232984 0.084074 0.076806
0 0.641945 0.317056 0.143233 0.128703
0 0.612363 0.367916 0.111056 0.083034
0 0.213281 0.440053 0.051897 0.092375
0 0.262579 0.451469 0.100679 0.102756
0 0.529328 0.639334 0.100679 0.090300
0 0.403222 0.526719 0.083035 0.076806
0 0.314477 0.503366 0.086146 0.081997
0 0.653361 0.772709 0.141160 0.083034
0 0.878594 0.933580 0.159842 0.132839
0 0.889489 0.414103 0.117284 0.119362
0 0.077073 0.928756 0.125648 0.116580