0 0.819960 0.932069 0.110882 0.106550
0 0.890558 0.983577 0.084027 0.032846
0 0.800901 0.972748 0.083162 0.054503
0 0.977546 0.937700 0.044908 0.121275
0 0.920878 0.843278 0.097887 0.097019
0 0.847680 0.767481 0.105684 0.116944
0 0.538860 0.670984 0.064767 0.069948
0 0.245201 0.784806 0.123873 0.120409
0 0.819960 0.111728 0.095288 0.104816
0 0.713410 0.264622 0.102216 0.102219
0 0.757153 0.361644 0.078828 0.091822
0 0.644109 0.491581 0.103950 0.107416
0 0.653284 0.023164 0.052682 0.046328
0 0.939119 0.931995 0.067358 0.091969
0 0.729922 0.626295 0.079016 0.089378
0 0.777850 0.711788 0.063472 0.091969
0 0.242228 0.711140 0.090674 0.072539
0 0.030440 0.709197 0.055699 0.081606
0 0.306995 0.845207 0.059585 0.060881