0 0.961187 0.949482 0.077625 0.101036
0 0.727347 0.113342 0.084227 0.102332
0 0.933938 0.546353 0.077720 0.072287
0 0.512306 0.128238 0.110104 0.111399
0 0.243711 0.305133 0.116206 0.115447
0 0.377890 0.454587 0.115883 0.116733
0 0.478627 0.627847 0.128238 0.126160
0 0.539508 0.959452 0.123057 0.081095
0 0.455579 0.891654 0.117339 0.104551
0 0.370494 0.816038 0.097309 0.100087
0 0.248167 0.900259 0.119549 0.116580
0 0.205073 0.523302 0.111211 0.098473
0 0.051166 0.580311 0.102332 0.116580
0 0.777850 0.887306 0.107513 0.119171