0 0.989347 0.584562 0.021306 0.111209
0 0.681207 0.975778 0.144572 0.048444
0 0.485198 0.947976 0.125109 0.104048
0 0.375378 0.989679 0.139012 0.020642
0 0.350355 0.749988 0.105651 0.091747
0 0.321164 0.654069 0.108429 0.105650
0 0.290581 0.559541 0.113989 0.122331
0 0.244704 0.765365 0.116772 0.116939
0 0.424033 0.200891 0.119549 0.122331
0 0.397690 0.295061 0.111355 0.093815
0 0.318381 0.164747 0.119549 0.116772
0 0.282312 0.009715 0.113847 0.019430
0 0.051457 0.134162 0.102914 0.122331
0 0.110172 0.275956 0.124490 0.122331
0 0.125155 0.404597 0.127892 0.118267
0 0.056995 0.886400 0.113990 0.130312