0 0.459632 0.984217 0.084891 0.031566
0 0.351786 0.970789 0.085761 0.058422
0 0.687803 0.872712 0.069989 0.071900
0 0.634618 0.727616 0.079693 0.067569
0 0.584375 0.720687 0.079693 0.067569
0 0.200192 0.543538 0.082292 0.089225
0 0.251457 0.533679 0.072215 0.080311
0 0.024948 0.393244 0.049895 0.069300
0 0.846943 0.272929 0.072954 0.089899
0 0.136953 0.112701 0.106549 0.082914
0 0.768782 0.300518 0.066062 0.056995
0 0.208549 0.189767 0.085492 0.079016
0 0.016839 0.185881 0.031088 0.058290
0 0.597798 0.780440 0.060881 0.047927
0 0.609456 0.856218 0.058290 0.067358
0 0.494171 0.926166 0.063472 0.049223
0 0.447539 0.956606 0.055699 0.045337