0 0.990697 0.601241 0.018606 0.111456
0 0.894035 0.757378 0.094385 0.104428
0 0.737393 0.669519 0.074302 0.079325
0 0.511469 0.584672 0.088360 0.086353
0 0.479838 0.635378 0.079327 0.071291
0 0.424110 0.544006 0.070289 0.085350
0 0.243870 0.653956 0.065269 0.074303
0 0.145969 0.684581 0.082339 0.081334
0 0.069157 0.556556 0.099405 0.086353
0 0.040853 0.468697 0.081706 0.121497
0 0.789606 0.982113 0.046187 0.035773
0 0.433651 0.896450 0.085347 0.037153
0 0.949260 0.047472 0.088360 0.092378
0 0.987181 0.167462 0.025637 0.079325
0 0.935705 0.967553 0.101417 0.064894