0 0.753690 0.964294 0.153328 0.071412
0 0.653641 0.754469 0.102216 0.083159
0 0.623321 0.807313 0.100486 0.114344
0 0.023316 0.403964 0.046632 0.092901
0 0.924342 0.101316 0.090954 0.076231
0 0.848545 0.334772 0.107414 0.101350
0 0.385101 0.249447 0.097022 0.090091
0 0.290155 0.033031 0.101036 0.066062
0 0.784326 0.747409 0.097150 0.082902
0 0.760363 0.641839 0.067358 0.097150
0 0.754534 0.341969 0.068653 0.088083
0 0.837435 0.405440 0.063472 0.054404
0 0.895725 0.210492 0.058290 0.047927
0 0.545984 0.829663 0.053109 0.058290
0 0.584197 0.878238 0.069948 0.069948
0 0.661269 0.897021 0.076425 0.079016
0 0.416451 0.302461 0.063472 0.058290