0 0.845855 0.201979 0.113990 0.121575
0 0.671551 0.053109 0.112857 0.106218
0 0.182986 0.171602 0.136618 0.110043
0 0.029145 0.032684 0.058290 0.065368
0 0.170603 0.282228 0.149497 0.133453
0 0.179196 0.550522 0.123473 0.102869
0 0.149008 0.599238 0.103716 0.089089
0 0.712293 0.668394 0.105932 0.108808
0 0.762953 0.487694 0.095855 0.094560
0 0.928962 0.592082 0.072949 0.075355
0 0.646910 0.944301 0.141413 0.111398
0 0.681347 0.214378 0.098446 0.120466
0 0.107513 0.715026 0.098446 0.088083
0 0.358808 0.686528 0.059585 0.038860
0 0.327720 0.082254 0.054404 0.086788