0 0.045984 0.195518 0.091968 0.129689
0 0.146474 0.158679 0.098244 0.143782
0 0.644430 0.289698 0.123057 0.112314
0 0.357307 0.343359 0.102869 0.091747
0 0.155068 0.456197 0.143232 0.127421
0 0.174721 0.626947 0.134416 0.141794
0 0.258979 0.673704 0.106395 0.124095
0 0.360933 0.691710 0.123421 0.129534
0 0.541128 0.571025 0.114636 0.136869
0 0.724302 0.490712 0.113989 0.097309
0 0.801427 0.657874 0.106992 0.109123
0 0.984456 0.536588 0.031088 0.111209
0 0.453897 0.960131 0.118112 0.079738
0 0.345468 0.974741 0.120987 0.050518
0 0.277850 0.455311 0.060881 0.107513