0 0.847183 0.854150 0.111464 0.107265
0 0.954347 0.711174 0.080629 0.098514
0 0.928221 0.755829 0.083973 0.079016
0 0.577073 0.318923 0.097150 0.098986
0 0.440002 0.115412 0.086189 0.105650
0 0.366675 0.128824 0.088272 0.110227
0 0.609597 0.454603 0.113989 0.100087
0 0.659642 0.770175 0.091749 0.091775
0 0.573454 0.569984 0.080629 0.069506
0 0.636269 0.556156 0.049749 0.057069
0 0.398316 0.631832 0.076425 0.067942
0 0.346503 0.725746 0.081606 0.060299
0 0.211183 0.680534 0.080483 0.071700
0 0.108022 0.780041 0.093652 0.080481
0 0.296784 0.528353 0.125842 0.109747
0 0.353856 0.440556 0.114135 0.109747
0 0.882061 0.145997 0.125109 0.127891