0 0.129540 0.618484 0.113477 0.106550
0 0.213567 0.551784 0.078828 0.075363
0 0.128675 0.464725 0.110013 0.121275
0 0.126509 0.553516 0.097022 0.075363
0 0.261211 0.284978 0.092689 0.087491
0 0.171553 0.283681 0.095288 0.090091
0 0.264674 0.200953 0.090954 0.094422
0 0.180648 0.161106 0.071901 0.080563
0 0.175882 0.088341 0.091824 0.080563
0 0.916959 0.998735 0.097887 0.002530
0 0.969959 0.978813 0.060081 0.042374
0 0.911329 0.952823 0.097022 0.094353
0 0.929522 0.907381 0.076229 0.050244
0 0.977321 0.944197 0.045358 0.077097
0 0.998111 0.785241 0.003778 0.076231
0 0.973424 0.711606 0.053151 0.079694