0 0.362186 0.621419 0.127892 0.144572
0 0.287123 0.706216 0.127892 0.119550
0 0.159231 0.483797 0.122332 0.136231
0 0.818005 0.479625 0.123057 0.116772
0 0.794373 0.393438 0.108144 0.100087
0 0.874100 0.237174 0.111904 0.087829
0 0.944948 0.178458 0.110104 0.118574
0 0.873753 0.118999 0.100091 0.092921
0 0.385823 0.342003 0.113989 0.119550
0 0.510363 0.083454 0.108808 0.097340
0 0.501106 0.020174 0.122141 0.040348
0 0.028497 0.013601 0.056994 0.027202
0 0.860104 0.281736 0.088083 0.079016
0 0.091969 0.592617 0.075130 0.076425