0 0.705690 0.041025 0.117117 0.082050
0 0.473367 0.053537 0.108429 0.107074
0 0.303439 0.141825 0.113330 0.102869
0 0.093861 0.492830 0.100091 0.112603
0 0.185610 0.503936 0.094526 0.095954
0 0.176781 0.595809 0.071309 0.093356
0 0.093420 0.615285 0.106529 0.103627
0 0.920716 0.508819 0.091210 0.108431
0 0.791703 0.462944 0.127892 0.116772
0 0.673545 0.319762 0.119549 0.113991
0 0.572063 0.240525 0.133452 0.116772
0 0.493808 0.265547 0.073109 0.088969
0 0.514564 0.478851 0.109438 0.118323
0 0.631837 0.511600 0.113989 0.125112
0 0.688834 0.426803 0.088966 0.105650
0 0.979260 0.764599 0.041480 0.086193
0 0.949404 0.878226 0.090518 0.103602
0 0.916451 0.617250 0.120466 0.102869
0 0.481705 0.809084 0.086189 0.102869
0 0.551213 0.811866 0.047263 0.091747
0 0.552461 0.947858 0.089378 0.097789
0 0.449749 0.958549 0.105683 0.082902
0 0.645078 0.009715 0.088083 0.019430
0 0.488990 0.351036 0.076425 0.093264
0 0.779793 0.322539 0.062176 0.056995