0 0.985760 0.971656 0.028480 0.056687
0 0.285882 0.449116 0.156792 0.161987
0 0.249499 0.525347 0.148130 0.130803
0 0.153342 0.654850 0.130806 0.126472
0 0.167635 0.830266 0.109148 0.073631
0 0.968000 0.539641 0.064000 0.093556
0 0.948510 0.431359 0.102979 0.110881
0 0.855005 0.447384 0.099617 0.104816
0 0.686519 0.418797 0.088355 0.097887
0 0.739794 0.441753 0.080563 0.083159
0 0.158972 0.343434 0.145531 0.153325
0 0.271373 0.327073 0.097150 0.110104
0 0.101036 0.146373 0.072539 0.093264
0 0.206606 0.200130 0.040155 0.040155
0 0.054404 0.917746 0.051813 0.071244
0 0.862694 0.523964 0.064767 0.073834