0 0.394331 0.816841 0.128437 0.136869
0 0.562336 0.848349 0.131804 0.132317
0 0.622901 0.750138 0.145531 0.142066
0 0.375588 0.420097 0.108283 0.107416
0 0.469146 0.366822 0.101351 0.092688
0 0.359128 0.256375 0.082292 0.079694
0 0.320583 0.302719 0.112612 0.108281
0 0.920166 0.576888 0.159667 0.178447
0 0.978204 0.224756 0.043591 0.125606
0 0.337435 0.586788 0.063472 0.069948
0 0.032383 0.724741 0.064766 0.099741
0 0.756477 0.425518 0.067358 0.094560
0 0.390544 0.229275 0.068653 0.059585
0 0.483808 0.741580 0.063472 0.079016