0 0.078918 0.321316 0.085347 0.076313
0 0.049251 0.548747 0.098498 0.147603
0 0.064310 0.635603 0.128620 0.104428
0 0.034188 0.686312 0.068376 0.085350
0 0.194392 0.696853 0.103423 0.100413
0 0.705484 0.273622 0.091373 0.075309
0 0.794352 0.471431 0.098404 0.101416
0 0.828488 0.677775 0.090372 0.090369
0 0.768746 0.687316 0.031128 0.043178
0 0.761212 0.754591 0.098404 0.107441
0 0.690928 0.706394 0.100411 0.097400
0 0.633189 0.796262 0.109449 0.116478
0 0.852087 0.881109 0.091373 0.089366
0 0.846564 0.962895 0.090372 0.074209