0 0.156828 0.693434 0.103950 0.092688
0 0.100085 0.746275 0.104815 0.085759
0 0.057207 0.581253 0.091824 0.102219
0 0.476470 0.211797 0.107414 0.110013
0 0.290228 0.667447 0.093554 0.092688
0 0.786572 0.804747 0.095250 0.114344
0 0.744145 0.466475 0.126472 0.120409
0 0.606865 0.287565 0.068653 0.075130
0 0.580959 0.191062 0.089378 0.086788
0 0.548575 0.426166 0.047927 0.082902
0 0.428756 0.772668 0.051813 0.063472
0 0.261010 0.948834 0.076425 0.099741
0 0.195596 0.945596 0.056995 0.077720
0 0.126295 0.815415 0.047927 0.055699
0 0.269430 0.501943 0.088083 0.081606
0 0.298575 0.555052 0.027202 0.042746