0 0.274720 0.027388 0.099405 0.054776
0 0.811920 0.390153 0.053218 0.046191
0 0.865138 0.417766 0.049200 0.071291
0 0.776778 0.663272 0.031128 0.038156
0 0.619634 0.369569 0.108443 0.097400
0 0.612607 0.458431 0.098404 0.090369
0 0.295306 0.309822 0.116475 0.118484
0 0.332459 0.609550 0.080328 0.079325
0 0.599551 0.748119 0.114469 0.111456
0 0.505165 0.668291 0.100411 0.102419
0 0.519223 0.834472 0.108443 0.107441
0 0.348021 0.844513 0.071294 0.065269
0 0.228030 0.794809 0.070289 0.056231
0 0.234512 0.960492 0.049111 0.079016
0 0.938472 0.976036 0.053109 0.040155
0 0.845855 0.823834 0.046632 0.067358