0 0.022972 0.958229 0.045943 0.083542
0 0.128238 0.798650 0.159391 0.150728
0 0.188013 0.546138 0.117810 0.113478
0 0.133004 0.242516 0.123873 0.095287
0 0.185414 0.034199 0.103950 0.068398
0 0.262940 0.946102 0.149859 0.107795
0 0.495926 0.773094 0.134340 0.123875
0 0.346534 0.735847 0.112612 0.115212
0 0.792221 0.600278 0.106549 0.083159
0 0.705596 0.533144 0.085761 0.077097
0 0.318653 0.029145 0.088083 0.058290
0 0.307642 0.092617 0.081606 0.079016
0 0.268135 0.334197 0.093264 0.090674
0 0.213731 0.751943 0.116580 0.117876
0 0.463731 0.854922 0.108808 0.088083
0 0.575777 0.843264 0.084197 0.095855