0 0.982513 0.322509 0.034974 0.100087
0 0.949354 0.069506 0.101292 0.111209
0 0.784721 0.308606 0.111211 0.111209
0 0.681741 0.380262 0.105429 0.109943
0 0.452478 0.033680 0.091749 0.067356
0 0.402737 0.019463 0.109033 0.038925
0 0.209197 0.113848 0.099741 0.105935
0 0.285666 0.273964 0.091749 0.094560
0 0.101033 0.399611 0.082895 0.089378
0 0.503915 0.653359 0.105651 0.111209
0 0.613342 0.778073 0.104922 0.099294
0 0.869171 0.891114 0.090674 0.074975
0 0.770078 0.244171 0.060881 0.063472
0 0.172280 0.277202 0.038860 0.059585