0 0.480284 0.022954 0.113989 0.045908
0 0.565081 0.020173 0.083406 0.040346
0 0.652656 0.024343 0.097309 0.048686
0 0.660716 0.262766 0.118983 0.127891
0 0.526156 0.161603 0.116772 0.113361
0 0.120240 0.037565 0.150132 0.075130
0 0.117414 0.358808 0.166726 0.150259
0 0.506693 0.387166 0.111211 0.090394
0 0.612392 0.433938 0.083506 0.072539
0 0.884715 0.461995 0.090674 0.114869
0 0.942358 0.688774 0.115284 0.121071
0 0.064120 0.774331 0.128236 0.116772
0 0.080959 0.868226 0.146373 0.121061
0 0.627194 0.954663 0.118670 0.090674