0 0.139499 0.069563 0.042173 0.080328
0 0.749498 0.112238 0.081333 0.089366
0 0.889572 0.173488 0.094385 0.101416
0 0.953835 0.278419 0.080328 0.062256
0 0.931242 0.395397 0.125513 0.135556
0 0.754518 0.292978 0.097398 0.101416
0 0.697281 0.227206 0.067276 0.084347
0 0.533613 0.195578 0.093384 0.091375
0 0.490937 0.333644 0.070289 0.088362
0 0.653101 0.461669 0.069283 0.079325
0 0.757028 0.679059 0.116475 0.124509
0 0.935759 0.709684 0.110455 0.109447
0 0.817272 0.854275 0.090372 0.101416
0 0.961352 0.876869 0.077295 0.082338