0 0.983808 0.045197 0.032383 0.090394
0 0.842617 0.446891 0.117876 0.111399
0 0.599741 0.371762 0.077720 0.077720
0 0.597979 0.465725 0.105285 0.100087
0 0.607530 0.016003 0.091749 0.032006
0 0.266294 0.052859 0.118081 0.097309
0 0.198832 0.010443 0.097309 0.020886
0 0.418472 0.282228 0.075068 0.077847
0 0.373507 0.388271 0.076029 0.077061
0 0.450447 0.574156 0.061166 0.083406
0 0.405961 0.586666 0.116771 0.108431
0 0.183543 0.428300 0.094526 0.086406
0 0.060904 0.344560 0.121716 0.124352
0 0.321164 0.977523 0.108429 0.044953
0 0.037033 0.988342 0.068420 0.023316