0 0.044881 0.444478 0.089762 0.091338
0 0.281784 0.009463 0.070580 0.018926
0 0.313438 0.072900 0.092374 0.089263
0 0.175394 0.012058 0.094451 0.024116
0 0.105853 0.107150 0.094451 0.089263
0 0.453042 0.169428 0.053970 0.083034
0 0.372080 0.181881 0.041515 0.085109
0 0.554759 0.167350 0.101717 0.083034
0 0.124536 0.239487 0.096529 0.088225
0 0.049806 0.310584 0.086146 0.064353
0 0.456675 0.385316 0.046709 0.070578
0 0.085615 0.644281 0.072657 0.094453
0 0.020491 0.652066 0.040981 0.091338
0 0.540744 0.521284 0.088224 0.078881
0 0.531922 0.606916 0.118322 0.106906
0 0.511684 0.716416 0.119361 0.110022
0 0.589008 0.781288 0.122477 0.127666
0 0.423977 0.858613 0.110022 0.110022
0 0.264657 0.712784 0.102756 0.090300
0 0.523100 0.932825 0.125589 0.121437
0 0.321743 0.926597 0.038404 0.042556
0 0.174356 0.980684 0.057086 0.038632
0 0.822025 0.293978 0.129744 0.107944