0 0.539585 0.504066 0.062256 0.096394
0 0.576235 0.594434 0.087359 0.106437
0 0.600332 0.631084 0.075308 0.077316
0 0.664092 0.647150 0.072295 0.077316
0 0.670621 0.548247 0.107442 0.124509
0 0.590293 0.749569 0.087359 0.089366
0 0.353319 0.773166 0.067276 0.072297
0 0.367880 0.820863 0.092378 0.049200
0 0.427123 0.771159 0.090372 0.088363
0 0.518496 0.805800 0.096397 0.101416
0 0.513476 0.881612 0.092378 0.068278
0 0.433651 0.900691 0.097398 0.094388
0 0.343280 0.889644 0.057237 0.078322
0 0.418588 0.972436 0.069283 0.055128
0 0.487368 0.971430 0.088360 0.057139
0 0.595313 0.980970 0.101417 0.038059
0 0.539585 0.983983 0.040166 0.032034
0 0.921648 0.793250 0.105430 0.112459
0 0.995718 0.507578 0.008564 0.091375
0 0.968104 0.549250 0.063792 0.116478