0 0.447629 0.038245 0.113989 0.076490
0 0.547720 0.024345 0.108429 0.048689
0 0.840674 0.939756 0.075129 0.108431
0 0.824353 0.730810 0.116772 0.118691
0 0.716723 0.725628 0.109613 0.108329
0 0.775699 0.279447 0.136234 0.139012
0 0.603326 0.212722 0.130669 0.144572
0 0.465701 0.305859 0.127892 0.136231
0 0.145725 0.130120 0.125648 0.115163
0 0.127902 0.277077 0.102869 0.106467
0 0.336422 0.430972 0.097309 0.113991
0 0.258576 0.311422 0.075068 0.141794
0 0.221042 0.859131 0.133452 0.147353
0 0.104091 0.942771 0.122690 0.114458
0 0.224741 0.502591 0.071244 0.095855
0 0.200777 0.572539 0.041451 0.082902