0 0.645710 0.579003 0.150132 0.133453
0 0.838936 0.919584 0.113989 0.091747
0 0.848446 0.680536 0.088083 0.091641
0 0.545618 0.943653 0.127892 0.112694
0 0.660999 0.829225 0.097309 0.100087
0 0.446244 0.826425 0.120466 0.101036
0 0.411269 0.725352 0.102332 0.085420
0 0.541451 0.442193 0.108808 0.112366
0 0.505306 0.249544 0.113989 0.108431
0 0.406606 0.245049 0.111211 0.111859
0 0.425784 0.360523 0.095092 0.107969
0 0.505306 0.128603 0.108429 0.111209
0 0.427456 0.064656 0.102869 0.088969
0 0.178739 0.066062 0.111433 0.116580
0 0.038212 0.852500 0.076424 0.109146
0 0.814119 0.636010 0.073834 0.031088
0 0.136010 0.371762 0.059585 0.095855
0 0.017487 0.371114 0.034974 0.076425