0 0.968264 0.067445 0.063472 0.116756
0 0.861176 0.064302 0.130669 0.128603
0 0.643782 0.106865 0.108808 0.102332
0 0.752747 0.284297 0.125109 0.127891
0 0.957254 0.180038 0.085492 0.136231
0 0.936750 0.268782 0.096298 0.073834
0 0.946244 0.434974 0.107512 0.106736
0 0.978548 0.572053 0.042904 0.102869
0 0.951836 0.592768 0.077247 0.094257
0 0.962435 0.891866 0.075130 0.091916
0 0.642487 0.549870 0.126943 0.120466
0 0.537470 0.390544 0.111589 0.110104
0 0.290155 0.743329 0.145078 0.116192
0 0.044689 0.908031 0.089378 0.113990
0 0.752591 0.912565 0.090674 0.097150
0 0.367876 0.240933 0.082902 0.103627