0 0.333124 0.988116 0.109148 0.023768
0 0.392487 0.839014 0.103627 0.097718
0 0.060256 0.907797 0.093553 0.102219
0 0.156841 0.900000 0.111747 0.103950
0 0.779676 0.958229 0.132535 0.083542
0 0.924271 0.798650 0.151457 0.150728
0 0.536348 0.535004 0.106374 0.101096
0 0.707348 0.579487 0.103950 0.112612
0 0.964554 0.546138 0.070892 0.113478
0 0.930699 0.242516 0.099741 0.095287
0 0.586506 0.058022 0.129071 0.116044
0 0.691753 0.108247 0.105684 0.117809
0 0.729000 0.019907 0.086626 0.039814
0 0.966719 0.034199 0.066561 0.068398