0 0.841969 0.646373 0.101036 0.093264
0 0.528624 0.757772 0.082648 0.075130
0 0.470207 0.591988 0.080311 0.069986
0 0.357591 0.672853 0.085336 0.102869
0 0.179704 0.704016 0.096551 0.104922
0 0.084163 0.687637 0.077846 0.056620
0 0.075825 0.881006 0.111211 0.109163
0 0.206494 0.977979 0.094526 0.044041
0 0.051811 0.336900 0.103622 0.098221
0 0.285732 0.435144 0.102869 0.100087
0 0.249589 0.504650 0.108429 0.088969
0 0.138931 0.382189 0.062836 0.077591
0 0.209277 0.129316 0.105651 0.100087
0 0.259257 0.085098 0.072160 0.071751
0 0.263332 0.010443 0.069191 0.020886
0 0.104922 0.118523 0.085492 0.094560
0 0.625649 0.213731 0.095858 0.090674
0 0.752688 0.192358 0.075323 0.079016
0 0.728627 0.024343 0.107513 0.048686