0 0.234763 0.066710 0.156055 0.133420
0 0.653569 0.441381 0.102474 0.108431
0 0.695075 0.520619 0.102869 0.111209
0 0.863278 0.555372 0.116772 0.108431
0 0.895252 0.699944 0.141794 0.130672
0 0.717315 0.641559 0.119549 0.136231
0 0.333640 0.687434 0.141794 0.094528
0 0.350320 0.526178 0.125109 0.133453
0 0.301598 0.435233 0.105787 0.088083
0 0.386468 0.278497 0.125109 0.139896
0 0.145078 0.669041 0.080311 0.102332
0 0.608808 0.812176 0.082902 0.041451
0 0.612694 0.770078 0.080311 0.042746
0 0.228627 0.869171 0.097150 0.077720
0 0.686528 0.977979 0.085492 0.044041
0 0.383420 0.146373 0.129534 0.111399