0 0.884605 0.027202 0.085713 0.054404
0 0.805606 0.109141 0.139012 0.100087
0 0.770854 0.191159 0.113989 0.102869
0 0.891794 0.645728 0.094526 0.088969
0 0.834797 0.617928 0.086189 0.088969
0 0.844526 0.695775 0.083406 0.088969
0 0.806997 0.914025 0.097309 0.102869
0 0.882061 0.905684 0.080629 0.113991
0 0.365933 0.821949 0.094560 0.102216
0 0.367876 0.721655 0.103627 0.124048
0 0.401077 0.317659 0.119549 0.111209
0 0.359456 0.018135 0.097150 0.036269
0 0.306047 0.577720 0.079617 0.098446
0 0.237047 0.595207 0.103627 0.091969
0 0.203430 0.502204 0.108932 0.096628
0 0.145725 0.645078 0.117876 0.108808
0 0.023316 0.684653 0.046632 0.105650