0 0.974741 0.380181 0.050518 0.071244
0 0.803109 0.504914 0.080311 0.075663
0 0.327435 0.489325 0.091749 0.083406
0 0.279967 0.503238 0.075478 0.102332
0 0.265242 0.145725 0.077117 0.084197
0 0.269051 0.105127 0.086189 0.067767
0 0.195374 0.051514 0.072286 0.069350
0 0.161996 0.207112 0.077877 0.080594
0 0.100878 0.636010 0.072221 0.082902
0 0.191205 0.635175 0.091749 0.086412
0 0.043394 0.665803 0.086788 0.085492
0 0.291451 0.809585 0.080311 0.082902
0 0.420748 0.944572 0.078193 0.087540
0 0.168394 0.957351 0.069948 0.085298
0 0.246762 0.023316 0.073834 0.046632
0 0.150907 0.060881 0.032383 0.051813