0 0.954016 0.745141 0.091968 0.102869
0 0.866771 0.486578 0.088966 0.108431
0 0.752449 0.500478 0.100753 0.130672
0 0.626880 0.130309 0.090548 0.102077
0 0.741657 0.225234 0.100091 0.102869
0 0.339378 0.007772 0.075130 0.015544
0 0.428756 0.305859 0.093264 0.097309
0 0.594308 0.447653 0.122332 0.125112
0 0.723586 0.737113 0.102869 0.103494
0 0.470585 0.757854 0.108429 0.106054
0 0.269477 0.368416 0.062083 0.077847
0 0.215278 0.261690 0.096360 0.085557
0 0.224630 0.408731 0.094337 0.108431
0 0.078572 0.418459 0.080629 0.083406
0 0.259287 0.970573 0.091749 0.058853
0 0.590674 0.026554 0.054404 0.053108