0 0.925756 0.373944 0.148487 0.152913
0 0.917415 0.532419 0.165170 0.130672
0 0.887656 0.725644 0.144572 0.122331
0 0.542906 0.218250 0.111211 0.108431
0 0.476684 0.293316 0.119171 0.119550
0 0.556490 0.065334 0.099455 0.102869
0 0.364336 0.218390 0.121070 0.125396
0 0.277389 0.269967 0.119549 0.128459
0 0.098446 0.085492 0.126943 0.129534
0 0.182863 0.911794 0.136234 0.144831
0 0.030960 0.965692 0.061920 0.068616
0 0.360800 0.079237 0.125109 0.119550
0 0.570596 0.103627 0.086788 0.056995
0 0.080959 0.011658 0.094560 0.023316