0 0.870829 0.908031 0.091400 0.062176
0 0.529313 0.848025 0.107414 0.100484
0 0.374687 0.688634 0.103085 0.097019
0 0.217463 0.726316 0.107414 0.092688
0 0.559200 0.643156 0.096153 0.103084
0 0.704298 0.718953 0.117810 0.093556
0 0.839433 0.680406 0.086626 0.094422
0 0.800883 0.590986 0.075365 0.075754
0 0.889952 0.631028 0.064656 0.073631
0 0.253413 0.172781 0.087491 0.082294
0 0.476684 0.695596 0.077720 0.075130
0 0.257124 0.610104 0.066062 0.067358
0 0.461140 0.938472 0.072539 0.066062
0 0.387306 0.955959 0.069948 0.056995