0 0.019265 0.390153 0.038529 0.046191
0 0.065138 0.417766 0.049200 0.071291
0 0.428627 0.982755 0.135557 0.034490
0 0.891022 0.875137 0.068282 0.070287
0 0.834792 0.876144 0.044180 0.048197
0 0.887507 0.657747 0.081334 0.081334
0 0.795631 0.622603 0.050205 0.083341
0 0.730865 0.644194 0.093384 0.100413
0 0.732374 0.706950 0.044180 0.043178
0 0.540083 0.751131 0.113463 0.113466
0 0.470800 0.691384 0.115474 0.112459
0 0.402020 0.744100 0.076314 0.049200
0 0.464775 0.301287 0.065269 0.073300
0 0.350306 0.270159 0.061250 0.065269
0 0.294578 0.381116 0.058238 0.054222
0 0.139249 0.979275 0.050518 0.041450
0 0.047927 0.821244 0.044041 0.072539