0 0.940692 0.857706 0.118615 0.130672
0 0.901554 0.757411 0.106218 0.097724
0 0.944863 0.564169 0.110274 0.128337
0 0.871114 0.322509 0.123057 0.144572
0 0.672927 0.310233 0.110104 0.112694
0 0.687824 0.414256 0.129534 0.116772
0 0.616037 0.526194 0.102540 0.104200
0 0.610104 0.639896 0.093264 0.085492
0 0.529184 0.590186 0.107435 0.107193
0 0.396232 0.328069 0.097309 0.105650
0 0.337844 0.346141 0.108429 0.113991
0 0.317776 0.562952 0.109645 0.097406
0 0.318381 0.739547 0.108429 0.083406
0 0.229415 0.698834 0.080629 0.097150
0 0.421632 0.901699 0.086788 0.085204
0 0.347150 0.911917 0.082902 0.090674
0 0.196755 0.954663 0.098719 0.090674
0 0.185881 0.888824 0.099741 0.092818
0 0.041726 0.699231 0.083452 0.113991
0 0.744819 0.023964 0.101036 0.047927
0 0.318653 0.018782 0.085492 0.037564