0 0.041495 0.864094 0.082990 0.090369
0 0.036473 0.906769 0.072946 0.097400
0 0.124157 0.741091 0.100411 0.101416
0 0.243645 0.748619 0.090372 0.088362
0 0.352592 0.755650 0.103424 0.106437
0 0.395267 0.830956 0.088360 0.076313
0 0.213523 0.441363 0.102418 0.106437
0 0.327489 0.334422 0.097398 0.111456
0 0.066926 0.217947 0.072295 0.071291
0 0.475097 0.204391 0.069283 0.082338
0 0.415351 0.194350 0.048199 0.058238
0 0.308411 0.219453 0.091373 0.062256
0 0.289334 0.119544 0.085347 0.087359
0 0.230091 0.065822 0.055225 0.066272
0 0.655333 0.359525 0.070289 0.077316
0 0.984308 0.532734 0.031384 0.064263
0 0.934978 0.548300 0.065269 0.047194
0 0.993847 0.733056 0.012306 0.077316