0 0.095342 0.974255 0.087491 0.051489
0 0.755856 0.672175 0.135134 0.131669
0 0.465664 0.601144 0.124738 0.138600
0 0.379471 0.532709 0.127337 0.126472
0 0.474759 0.676506 0.123873 0.053706
0 0.144283 0.622800 0.112612 0.129937
0 0.769716 0.351231 0.105684 0.122141
0 0.667064 0.362491 0.099616 0.113478
0 0.718609 0.422263 0.128207 0.092688
0 0.823756 0.415155 0.116737 0.125648
0 0.942464 0.341700 0.115072 0.132537
0 0.969318 0.435691 0.061363 0.116078
0 0.401561 0.386312 0.105684 0.097019
0 0.420615 0.217828 0.097022 0.103084
0 0.895324 0.144197 0.128207 0.129072
0 0.637181 0.145497 0.105684 0.110881
0 0.617258 0.050226 0.128207 0.100452
0 0.787473 0.009078 0.132535 0.018156
0 0.413254 0.023805 0.103085 0.047609
0 0.948187 0.965026 0.103626 0.069948
0 0.783679 0.759067 0.046632 0.077720