0 0.934246 0.981218 0.124968 0.037564
0 0.347543 0.084831 0.130669 0.122331
0 0.475434 0.171019 0.102869 0.088969
0 0.590815 0.223844 0.116772 0.122331
0 0.485163 0.322544 0.150132 0.130672
0 0.603475 0.468912 0.113686 0.098446
0 0.457814 0.640704 0.123233 0.133099
0 0.357272 0.629759 0.100091 0.122331
0 0.351712 0.425413 0.127892 0.136231
0 0.050745 0.410119 0.101490 0.122331
0 0.118173 0.031295 0.105651 0.062590
0 0.157532 0.852332 0.078718 0.075130
0 0.088977 0.860522 0.075068 0.088969
0 0.052834 0.913344 0.075068 0.083406
0 0.080639 0.969184 0.086189 0.061632
0 0.045337 0.694887 0.090674 0.102453
0 0.010432 0.157119 0.020864 0.100087
0 0.043105 0.169628 0.072286 0.080628
0 0.575130 0.374352 0.108808 0.103627
0 0.676166 0.463083 0.072539 0.089378