0 0.868036 0.796632 0.110013 0.095855
0 0.325764 0.649653 0.151594 0.128206
0 0.047453 0.681272 0.094906 0.120409
0 0.755424 0.626697 0.080563 0.073631
0 0.688289 0.576456 0.103950 0.094422
0 0.567015 0.532275 0.123008 0.120409
0 0.682658 0.445650 0.118675 0.104816
0 0.932139 0.542347 0.097887 0.089875
0 0.973649 0.386747 0.052701 0.113478
0 0.295877 0.293191 0.147260 0.137734
0 0.623321 0.293625 0.100486 0.102219
0 0.550123 0.290159 0.108283 0.112612
0 0.642375 0.196172 0.109148 0.094422
0 0.508542 0.177547 0.106549 0.100484
0 0.486887 0.016192 0.101356 0.032383
0 0.375648 0.071244 0.121762 0.119171
0 0.145725 0.972150 0.123057 0.055699
0 0.973446 0.637953 0.053108 0.076425