0 0.448318 0.975779 0.115211 0.048442
0 0.539709 0.968850 0.103950 0.062300
0 0.516322 0.836781 0.102216 0.115212
0 0.470840 0.813825 0.097887 0.105681
0 0.537542 0.704244 0.104815 0.116944
0 0.469975 0.668728 0.115211 0.132538
0 0.486434 0.493747 0.113477 0.115213
0 0.545340 0.321794 0.118675 0.119544
0 0.479939 0.273719 0.103950 0.097888
0 0.468678 0.370306 0.109148 0.112612
0 0.782257 0.749291 0.117810 0.120409
0 0.740244 0.798234 0.085761 0.105681
0 0.602947 0.713341 0.095288 0.097019
0 0.862387 0.654003 0.115211 0.125606
0 0.752375 0.438306 0.122144 0.137734
0 0.859788 0.516700 0.108283 0.117809
0 0.866721 0.382000 0.116945 0.120409
0 0.747176 0.063011 0.132535 0.126022
0 0.826005 0.027495 0.110013 0.054989