0 0.015314 0.988645 0.030628 0.022709
0 0.019430 0.018135 0.038860 0.036269
0 0.029215 0.884153 0.058429 0.119550
0 0.065380 0.911956 0.108429 0.091747
0 0.120986 0.843837 0.108429 0.100087
0 0.137666 0.724288 0.113989 0.111209
0 0.109866 0.647831 0.113989 0.108431
0 0.175518 0.536269 0.091969 0.077720
0 0.140449 0.454603 0.113989 0.105650
0 0.057019 0.494919 0.114037 0.113991
0 0.509067 0.637306 0.098446 0.095855
0 0.353138 0.123753 0.105651 0.116772
0 0.400401 0.045195 0.088966 0.090390
0 0.490759 0.122366 0.086189 0.091747