0 0.354494 0.047621 0.133452 0.095242
0 0.504626 0.249544 0.111211 0.125112
0 0.508094 0.348446 0.123708 0.095855
0 0.395780 0.217736 0.123166 0.122000
0 0.228917 0.235644 0.099161 0.102869
0 0.156088 0.327391 0.130829 0.136231
0 0.061867 0.193852 0.123733 0.136408
0 0.205681 0.452746 0.141933 0.125596
0 0.364223 0.622097 0.119549 0.130672
0 0.408708 0.718016 0.119549 0.116772
0 0.447629 0.822275 0.113989 0.108431
0 0.547720 0.790303 0.108429 0.116772
0 0.614123 0.977332 0.109075 0.045336
0 0.147021 0.929316 0.123057 0.116772