0 0.111796 0.982485 0.108283 0.035030
0 0.146450 0.952599 0.097887 0.094802
0 0.030994 0.808178 0.061988 0.090091
0 0.014968 0.680837 0.029936 0.102219
0 0.056995 0.665803 0.062176 0.082902
0 0.148179 0.525347 0.113477 0.106550
0 0.074549 0.501525 0.094423 0.100484
0 0.702149 0.611106 0.093553 0.075363
0 0.679194 0.543972 0.090954 0.081428
0 0.748924 0.474238 0.091824 0.084025
0 0.049427 0.230822 0.084027 0.089225
0 0.519803 0.152859 0.106549 0.101350
0 0.593434 0.085725 0.092689 0.086625
0 0.512439 0.058003 0.109148 0.091822
0 0.981878 0.726316 0.036244 0.092688
0 0.102332 0.632124 0.046632 0.067358
0 0.150907 0.636658 0.058290 0.076425