0 0.160310 0.989640 0.082292 0.020720
0 0.394196 0.796069 0.101351 0.090956
0 0.273787 0.780475 0.106549 0.089225
0 0.095774 0.674696 0.110882 0.103277
0 0.325764 0.612422 0.096153 0.096153
0 0.262525 0.604194 0.082292 0.110881
0 0.387700 0.645341 0.090090 0.106550
0 0.480822 0.553084 0.090954 0.088356
0 0.489051 0.291909 0.090090 0.101350
0 0.794293 0.177786 0.091176 0.073188
0 0.745051 0.026195 0.113524 0.052390
0 0.595855 0.040155 0.067358 0.072539
0 0.625000 0.088731 0.060881 0.066062
0 0.800518 0.430699 0.069948 0.076425
0 0.385363 0.885363 0.089378 0.071244
0 0.461788 0.795984 0.045337 0.060881
0 0.702720 0.992876 0.058290 0.014248
0 0.332254 0.799870 0.055699 0.037565