0 0.916102 0.807282 0.077846 0.073114
0 0.793770 0.834197 0.150132 0.132124
0 0.673575 0.743399 0.134715 0.127192
0 0.759597 0.581106 0.120702 0.141794
0 0.524017 0.487966 0.133313 0.122331
0 0.448187 0.104294 0.126943 0.122331
0 0.352332 0.277202 0.126943 0.119171
0 0.118523 0.372000 0.156736 0.142965
0 0.047927 0.496114 0.095854 0.121762
0 0.036917 0.582382 0.073834 0.094304
0 0.515504 0.944161 0.121842 0.111678
0 0.405440 0.961788 0.113990 0.076424
0 0.050518 0.890544 0.101036 0.120466
0 0.370466 0.467617 0.059585 0.095855
0 0.880829 0.988990 0.124352 0.022020