0 0.795703 0.964086 0.097022 0.071828
0 0.710811 0.982710 0.103950 0.034580
0 0.041451 0.731865 0.072539 0.064767
0 0.812162 0.775709 0.110882 0.114344
0 0.980145 0.895253 0.039710 0.107416
0 0.969751 0.826388 0.060498 0.090956
0 0.980146 0.686053 0.039708 0.110013
0 0.977113 0.268953 0.045773 0.095287
0 0.962821 0.222609 0.074358 0.080563
0 0.740248 0.505603 0.107440 0.096698
0 0.815194 0.459097 0.094423 0.097888
0 0.598199 0.300572 0.121274 0.127338
0 0.505078 0.317463 0.115211 0.112612
0 0.818225 0.305338 0.081428 0.077962
0 0.741996 0.225209 0.095288 0.090956
0 0.737663 0.294941 0.093554 0.098753
0 0.441840 0.181463 0.092689 0.097019
0 0.481686 0.088341 0.116945 0.127338
0 0.552285 0.060619 0.076229 0.097888
0 0.261228 0.020131 0.091824 0.040262
0 0.871500 0.769213 0.084027 0.108281
0 0.784974 0.056995 0.059585 0.062176
0 0.741580 0.089378 0.097150 0.095855
0 0.264249 0.136010 0.067358 0.080311
0 0.351036 0.376295 0.088083 0.091969
0 0.455311 0.270078 0.045337 0.055699