0 0.340039 0.935516 0.092689 0.093556
0 0.474741 0.705094 0.109148 0.098753
0 0.477340 0.407969 0.083162 0.077962
0 0.398512 0.290159 0.097022 0.081428
0 0.135363 0.121762 0.076425 0.067358
0 0.051126 0.334772 0.102252 0.101350
0 0.878414 0.578187 0.064103 0.082294
0 0.820807 0.666978 0.078828 0.076231
0 0.702996 0.323509 0.096153 0.078828
0 0.667483 0.242516 0.089225 0.086625
0 0.886644 0.244681 0.090954 0.082294
0 0.701699 0.194872 0.109148 0.081428
0 0.756703 0.134234 0.092689 0.088356
0 0.830959 0.277850 0.060881 0.071244
0 0.759715 0.269430 0.055699 0.056995
0 0.779145 0.209845 0.079016 0.077720
0 0.711140 0.268782 0.038860 0.055699
0 0.654145 0.296632 0.067358 0.051813
0 0.597150 0.284974 0.077720 0.085492
0 0.926813 0.551813 0.053109 0.075130
0 0.494171 0.898964 0.066062 0.049223
0 0.566710 0.990285 0.047927 0.019430
0 0.018782 0.742876 0.037564 0.079016
0 0.047280 0.409326 0.058290 0.054404
0 0.091969 0.214378 0.062176 0.050518