0 0.464362 0.978152 0.075365 0.043695
0 0.341354 0.950866 0.101351 0.098267
0 0.166805 0.969923 0.114346 0.060153
0 0.011937 0.969923 0.023873 0.060153
0 0.631113 0.836331 0.086626 0.077097
0 0.586069 0.797350 0.071031 0.082294
0 0.592136 0.740606 0.102216 0.064113
0 0.284974 0.721389 0.095855 0.100809
0 0.421484 0.884406 0.110882 0.110881
0 0.482119 0.836331 0.093553 0.082294
0 0.854608 0.965592 0.090090 0.068816
0 0.644109 0.955198 0.105684 0.089604
0 0.873666 0.591023 0.124738 0.122460
0 0.978845 0.629972 0.042309 0.118294
0 0.496762 0.538860 0.094560 0.072539
0 0.217048 0.263738 0.107414 0.110013
0 0.275953 0.312681 0.086626 0.100484
0 0.860768 0.279188 0.066028 0.073920
0 0.431746 0.126437 0.105420 0.097019
0 0.429317 0.058864 0.107338 0.086640
0 0.191710 0.887306 0.095855 0.077720
0 0.541451 0.856218 0.062176 0.069948
0 0.641839 0.768782 0.047927 0.063472
0 0.652850 0.033679 0.080311 0.067358
0 0.501295 0.018135 0.075130 0.036269