0 0.143513 0.186316 0.060245 0.072297
0 0.616953 0.968696 0.077315 0.062608
0 0.380985 0.957475 0.083340 0.076313
0 0.263006 0.926347 0.116475 0.132544
0 0.959346 0.871625 0.081308 0.071291
0 0.725900 0.523197 0.092378 0.091375
0 0.648082 0.560350 0.069283 0.061250
0 0.606411 0.494578 0.084346 0.072297
0 0.552690 0.582941 0.053218 0.050206
0 0.785646 0.331912 0.091373 0.100413
0 0.499975 0.298275 0.068282 0.075309
0 0.738453 0.129584 0.073301 0.079325
0 0.592857 0.021365 0.075308 0.042730
0 0.984447 0.064316 0.031106 0.073300