0 0.140369 0.813375 0.103950 0.109147
0 0.437493 0.743641 0.093554 0.084025
0 0.416268 0.565194 0.073630 0.090956
0 0.434025 0.641425 0.077964 0.073631
0 0.282863 0.619769 0.078828 0.071900
0 0.208801 0.551334 0.064103 0.075363
0 0.162022 0.503691 0.091824 0.090956
0 0.030770 0.565628 0.061540 0.088356
0 0.618537 0.855822 0.098752 0.090091
0 0.710794 0.640559 0.116945 0.099619
0 0.650922 0.063472 0.084226 0.072539
0 0.959197 0.371114 0.068653 0.073834
0 0.881477 0.373057 0.094560 0.093264
0 0.259715 0.314767 0.055699 0.082902
0 0.305052 0.455959 0.037565 0.038860