0 0.232410 0.869000 0.115629 0.118672
0 0.371873 0.740184 0.128813 0.118672
0 0.224801 0.295425 0.132869 0.137944
0 0.107146 0.283253 0.126787 0.135912
0 0.100552 0.380622 0.115629 0.111572
0 0.183389 0.434116 0.133222 0.111044
0 0.070053 0.174216 0.140106 0.132872
0 0.020862 0.296438 0.041724 0.139972
0 0.725389 0.403497 0.103627 0.068653
0 0.316710 0.471503 0.089378 0.121762
0 0.451425 0.221503 0.086788 0.088083
0 0.473446 0.172280 0.091969 0.093264
0 0.713083 0.255181 0.094560 0.106218
0 0.634715 0.189119 0.072539 0.108808
0 0.834845 0.126295 0.099741 0.110104
0 0.906736 0.060881 0.093264 0.121762
0 0.676166 0.029793 0.085492 0.059585
0 0.586788 0.063472 0.088083 0.093264
0 0.536269 0.161269 0.062176 0.071244