0 0.259044 0.814241 0.102216 0.095287
0 0.325746 0.234288 0.077964 0.094422
0 0.668742 0.946344 0.079615 0.094422
0 0.586056 0.877478 0.099617 0.098753
0 0.466944 0.695566 0.110882 0.116078
0 0.370556 0.805699 0.093084 0.085492
0 0.745874 0.494163 0.105684 0.106550
0 0.707330 0.554800 0.078828 0.096153
0 0.848527 0.570825 0.073630 0.072766
0 0.911766 0.568659 0.063238 0.064969
0 0.411935 0.320044 0.080563 0.078828
0 0.851559 0.244247 0.079693 0.090091
0 0.818208 0.170184 0.080563 0.080562
0 0.915662 0.252044 0.081428 0.077962
0 0.809545 0.218259 0.073630 0.071031
0 0.886207 0.019473 0.069302 0.038945
0 0.972798 0.049341 0.054404 0.069300
0 0.816041 0.022073 0.064103 0.044145
0 0.842617 0.348446 0.071244 0.072539
0 0.832902 0.457254 0.062176 0.080311
0 0.577073 0.806347 0.084197 0.097150
0 0.512306 0.819948 0.055699 0.082902
0 0.435881 0.740285 0.102332 0.091969
0 0.224741 0.834845 0.068653 0.063472