0 0.031229 0.054275 0.062458 0.101416
0 0.262781 0.008812 0.089366 0.017624
0 0.251233 0.026886 0.082339 0.053772
0 0.162869 0.076869 0.080328 0.082338
0 0.079528 0.278694 0.096397 0.098403
0 0.210062 0.300284 0.062256 0.067275
0 0.139275 0.802341 0.093384 0.107441
0 0.372729 0.961668 0.086353 0.076664
0 0.274828 0.973216 0.079327 0.053568
0 0.606187 0.814391 0.091373 0.085350
0 0.571543 0.624612 0.124508 0.125516
0 0.433979 0.754644 0.088360 0.080328
0 0.375238 0.441862 0.059243 0.089366
0 0.605181 0.350991 0.131539 0.132544
0 0.594136 0.210919 0.125513 0.071291
0 0.974546 0.113519 0.050908 0.123506