0 0.385859 0.008696 0.092962 0.017392
0 0.704496 0.283199 0.127277 0.120131
0 0.509067 0.200130 0.088083 0.091969
0 0.619171 0.438955 0.088083 0.109136
0 0.461985 0.435795 0.113088 0.091797
0 0.255829 0.373098 0.071244 0.072620
0 0.314015 0.656850 0.125439 0.122331
0 0.656149 0.630437 0.119549 0.119550
0 0.543006 0.546737 0.121241 0.118961
0 0.975389 0.873526 0.049222 0.122700
0 0.592639 0.960492 0.120421 0.079016
0 0.221493 0.557642 0.088064 0.094560
0 0.166678 0.633145 0.097604 0.086042
0 0.257772 0.685881 0.049223 0.076425