0 0.592917 0.170984 0.125109 0.102869
0 0.731929 0.051434 0.113989 0.102868
0 0.419041 0.033679 0.133420 0.067358
0 0.979922 0.108856 0.040155 0.127038
0 0.708297 0.457350 0.133452 0.108431
0 0.935249 0.352111 0.124384 0.118730
0 0.304404 0.258562 0.113990 0.111209
0 0.382772 0.368588 0.115285 0.125519
0 0.270472 0.487694 0.108302 0.117876
0 0.421931 0.504346 0.105651 0.107889
0 0.662420 0.602127 0.108429 0.114398
0 0.961187 0.794689 0.077625 0.091969
0 0.888301 0.875778 0.123753 0.127891
0 0.430699 0.247409 0.079016 0.103627