0 0.083626 0.841978 0.132535 0.139466
0 0.189742 0.890922 0.114346 0.098753
0 0.467376 0.731531 0.097887 0.077962
0 0.460448 0.619784 0.110013 0.117809
0 0.380750 0.609391 0.134270 0.117809
0 0.119144 0.426178 0.106549 0.115213
0 0.178481 0.425744 0.071031 0.114344
0 0.294125 0.386763 0.101351 0.098753
0 0.019074 0.345616 0.038148 0.129072
0 0.058941 0.322663 0.091824 0.109147
0 0.175882 0.230837 0.119545 0.117809
0 0.145999 0.301872 0.113477 0.102219
0 0.674411 0.741059 0.110013 0.112612
0 0.633695 0.819022 0.113477 0.098753
0 0.729852 0.228241 0.115211 0.100484
0 0.714690 0.149413 0.112612 0.095287
0 0.764249 0.733161 0.080311 0.082902