0 0.985751 0.897687 0.028497 0.085455
0 0.945896 0.844895 0.108208 0.114660
0 0.840878 0.475786 0.096263 0.096650
0 0.979260 0.169848 0.041480 0.103309
0 0.897668 0.115397 0.116580 0.111175
0 0.669215 0.118350 0.094213 0.094213
0 0.311589 0.286400 0.107391 0.113991
0 0.248135 0.275259 0.058447 0.115285
0 0.135093 0.562824 0.112154 0.104922
0 0.159989 0.747922 0.079046 0.080628
0 0.230095 0.726814 0.077846 0.072798
0 0.295430 0.775815 0.097309 0.113805
0 0.398316 0.785908 0.107513 0.112122
0 0.225736 0.893769 0.081005 0.072512
0 0.514290 0.844815 0.085145 0.079799