0 0.392863 0.957364 0.129936 0.085272
0 0.094874 0.963427 0.138598 0.073146
0 0.835951 0.861453 0.146396 0.142931
0 0.750190 0.776125 0.137733 0.116078
0 0.496381 0.673044 0.130806 0.142066
0 0.637578 0.577753 0.142932 0.131669
0 0.519336 0.415331 0.110882 0.130803
0 0.907847 0.342569 0.148130 0.168919
0 0.756253 0.099584 0.158522 0.154194
0 0.753654 0.028136 0.142932 0.056272
0 0.580311 0.625000 0.121762 0.110104
0 0.241580 0.882772 0.102332 0.063472
0 0.680699 0.194301 0.104922 0.098446
0 0.939119 0.922927 0.101036 0.133420