0 0.677839 0.792372 0.091429 0.088969
0 0.452073 0.578368 0.103627 0.099741
0 0.443005 0.483431 0.088083 0.077180
0 0.509067 0.200794 0.103627 0.093299
0 0.290155 0.396373 0.075130 0.082902
0 0.201533 0.253112 0.073619 0.094307
0 0.046220 0.321891 0.092440 0.091969
0 0.367876 0.352979 0.093264 0.081606
0 0.124409 0.613044 0.097309 0.113991
0 0.044829 0.697844 0.089657 0.100087
0 0.357952 0.878559 0.125109 0.122331
0 0.241181 0.950400 0.141794 0.099200
0 0.051780 0.964302 0.103560 0.071396
0 0.017487 0.898316 0.034974 0.081606