0 0.141648 0.971656 0.126472 0.056687
0 0.693452 0.952599 0.154193 0.094802
0 0.634979 0.808178 0.132535 0.131669
0 0.351715 0.763566 0.108283 0.110013
0 0.267688 0.716788 0.113477 0.111747
0 0.264224 0.791719 0.097887 0.097019
0 0.286747 0.250744 0.129071 0.170650
0 0.238610 0.182827 0.141951 0.171353
0 0.075589 0.157737 0.151178 0.162625
0 0.058697 0.323363 0.117394 0.120113
0 0.391994 0.275000 0.147260 0.155059
0 0.408886 0.370288 0.132535 0.106550
0 0.532764 0.253778 0.151594 0.159391
0 0.555790 0.415853 0.103807 0.088182
0 0.617876 0.419041 0.069948 0.079016
0 0.647668 0.926813 0.082902 0.071244