0 0.352165 0.921656 0.094423 0.105681
0 0.409773 0.939847 0.067567 0.086625
0 0.094887 0.592916 0.115211 0.122141
0 0.260778 0.689934 0.131670 0.129072
0 0.315350 0.368732 0.157657 0.107930
0 0.198404 0.576456 0.123008 0.115212
0 0.939206 0.971656 0.121588 0.056687
0 0.692600 0.841094 0.118675 0.102219
0 0.579123 0.443053 0.144666 0.130803
0 0.579556 0.523613 0.114346 0.099619
0 0.983817 0.178847 0.032365 0.179312
0 0.865419 0.148094 0.171517 0.181912
0 0.848527 0.331306 0.137733 0.136000
0 0.689767 0.501943 0.099741 0.084197
0 0.667746 0.020725 0.068653 0.041450
0 0.744819 0.922927 0.090674 0.104922
0 0.164508 0.698187 0.067358 0.082902
0 0.290155 0.297280 0.082902 0.058290
0 0.621762 0.826425 0.082902 0.088083
0 0.619819 0.745466 0.063472 0.050518
0 0.509067 0.796632 0.090674 0.093264