0 0.001318 0.661347 0.002635 0.122141
0 0.175882 0.809478 0.112612 0.127337
0 0.058941 0.663947 0.116076 0.116944
0 0.461745 0.682138 0.090090 0.085759
0 0.283300 0.368556 0.133405 0.148128
0 0.064809 0.147668 0.098361 0.085492
0 0.047280 0.236899 0.094560 0.085788
0 0.651889 0.915594 0.120409 0.100484
0 0.856757 0.895234 0.091824 0.073631
0 0.633483 0.750782 0.095729 0.081874
0 0.954798 0.688634 0.090403 0.107416
0 0.848960 0.625400 0.135134 0.119544
0 0.806514 0.495028 0.116076 0.116944
0 0.781825 0.576022 0.108283 0.090091
0 0.427529 0.491128 0.110013 0.100484
0 0.508525 0.318312 0.097022 0.078828
0 0.432295 0.301853 0.098752 0.092688
0 0.580420 0.200934 0.091824 0.090091
0 0.645826 0.202669 0.070166 0.083159
0 0.699965 0.331741 0.133405 0.124741
0 0.790596 0.860104 0.073421 0.080311
0 0.204663 0.513601 0.088083 0.094560
0 0.541451 0.876943 0.067358 0.077720
0 0.529793 0.938472 0.093264 0.076425
0 0.419041 0.863342 0.094560 0.081606
0 0.722150 0.834197 0.079016 0.082902
0 0.750648 0.906088 0.071244 0.053109
0 0.716969 0.724093 0.066062 0.054404
0 0.448187 0.911917 0.082902 0.072539
0 0.349093 0.746114 0.066062 0.062176
0 0.312176 0.962435 0.088083 0.075130
0 0.229922 0.297280 0.115285 0.099741
0 0.244819 0.331606 0.090674 0.075130
0 0.056995 0.111399 0.085492 0.051813
0 0.021373 0.402202 0.042746 0.047927
0 0.065415 0.956606 0.060881 0.079016