0 0.103667 0.909097 0.101116 0.099619
0 0.176314 0.878773 0.073630 0.063245
0 0.346102 0.930753 0.106549 0.094422
0 0.395043 0.823769 0.091824 0.081428
0 0.107018 0.534009 0.097887 0.089225
0 0.168954 0.647056 0.072765 0.091822
0 0.102252 0.610241 0.095288 0.090956
0 0.119144 0.312250 0.115211 0.110013
0 0.052859 0.376784 0.105718 0.084894
0 0.261643 0.443053 0.097022 0.099619
0 0.340471 0.380681 0.110882 0.101350
0 0.154661 0.506287 0.094423 0.099619
0 0.745442 0.804278 0.096153 0.087491
0 0.801748 0.504991 0.101351 0.091822
0 0.227332 0.950777 0.073834 0.064767