0 0.700667 0.139012 0.129314 0.127891
0 0.265640 0.065334 0.137497 0.125113
0 0.381477 0.153956 0.128238 0.136927
0 0.455326 0.253003 0.119549 0.111209
0 0.417792 0.419819 0.116772 0.116772
0 0.267582 0.292004 0.133609 0.133608
0 0.999432 0.660309 0.001135 0.141794
0 0.952169 0.619997 0.095662 0.111209
0 0.925677 0.698898 0.114967 0.102203
0 0.786128 0.596363 0.119454 0.119550
0 0.719452 0.702012 0.136234 0.125113
0 0.648316 0.961788 0.128238 0.076424
0 0.472007 0.942059 0.119549 0.115882
0 0.424743 0.859000 0.119549 0.116964