0 0.107716 0.344838 0.062275 0.058125
0 0.128476 0.369747 0.058125 0.043594
0 0.254581 0.481325 0.063314 0.059162
0 0.102527 0.807753 0.070580 0.076806
0 0.301290 0.701884 0.094451 0.085109
0 0.267558 0.791666 0.105868 0.104831
0 0.607481 0.678013 0.073691 0.076806
0 0.551950 0.650506 0.070580 0.077844
0 0.524963 0.705519 0.058125 0.059162
0 0.760057 0.577853 0.050859 0.073694
0 0.778739 0.515575 0.088224 0.088225
0 0.691550 0.442922 0.081996 0.067466
0 0.660412 0.372341 0.090301 0.102756
0 0.593465 0.439287 0.091340 0.074731
0 0.538457 0.516097 0.033215 0.066428
0 0.565444 0.057331 0.085112 0.089263
0 0.492787 0.024513 0.053970 0.049026
0 0.384325 0.026070 0.088224 0.052140