0 0.791703 0.177920 0.094526 0.089001
0 0.452421 0.629725 0.144381 0.169594
0 0.400907 0.382836 0.133420 0.154016
0 0.273185 0.139013 0.147354 0.133453
0 0.310233 0.036144 0.130829 0.072288
0 0.176813 0.519906 0.112694 0.122331
0 0.227313 0.253003 0.111211 0.088969
0 0.322063 0.261344 0.083853 0.116772
0 0.107764 0.344750 0.100091 0.122331
0 0.111019 0.432328 0.115821 0.080628
0 0.036269 0.343123 0.072538 0.124636
0 0.046929 0.229372 0.093858 0.125112
0 0.014959 0.218201 0.029918 0.091842
0 0.086295 0.136231 0.107203 0.083406
0 0.055650 0.026412 0.095954 0.052824
0 0.145298 0.020725 0.108429 0.041450
0 0.813472 0.237694 0.088083 0.084197