0 0.546222 0.980337 0.126472 0.039326
0 0.787473 0.975139 0.127337 0.049722
0 0.731167 0.954348 0.118675 0.091303
0 0.486020 0.864950 0.104815 0.103084
0 0.403290 0.870581 0.090090 0.112612
0 0.316665 0.876212 0.124738 0.115212
0 0.252999 0.897003 0.101351 0.108281
0 0.305404 0.498094 0.114346 0.119544
0 0.121114 0.469509 0.084197 0.086625
0 0.497004 0.468659 0.115770 0.126438
0 0.667496 0.607241 0.116076 0.114344
0 0.631056 0.703397 0.109263 0.102219
0 0.807936 0.406272 0.115871 0.129937
0 0.363575 0.222194 0.095026 0.108281
0 0.365740 0.110447 0.099357 0.115212
0 0.453966 0.113912 0.113477 0.115212
0 0.876698 0.051109 0.137733 0.102218
0 0.776418 0.169689 0.094831 0.108808
0 0.686555 0.239084 0.116076 0.103950
0 0.628519 0.295825 0.098752 0.110013
0 0.468264 0.013601 0.089378 0.027202
0 0.587435 0.334845 0.068653 0.089378
0 0.884067 0.745466 0.084197 0.110104