0 0.915803 0.403782 0.108808 0.106943
0 0.859456 0.367481 0.112694 0.112188
0 0.757662 0.407306 0.108429 0.108431
0 0.596410 0.369772 0.113989 0.133453
0 0.507439 0.316727 0.152914 0.138567
0 0.478247 0.219641 0.133452 0.116772
0 0.264249 0.113342 0.119171 0.120466
0 0.268885 0.444049 0.115079 0.142991
0 0.157863 0.413041 0.098782 0.113646
0 0.099241 0.412029 0.114989 0.132348
0 0.051813 0.306000 0.103626 0.127544
0 0.023656 0.151066 0.047311 0.087106
0 0.059797 0.028497 0.119594 0.056994
0 0.038212 0.579822 0.076424 0.141509