0 0.731185 0.957797 0.150729 0.084406
0 0.743748 0.819006 0.120409 0.132537
0 0.045945 0.449550 0.091890 0.142066
0 0.535411 0.279766 0.140333 0.152459
0 0.651924 0.243381 0.165454 0.211366
0 0.697401 0.362491 0.123008 0.132537
0 0.236124 0.344300 0.141197 0.127338
0 0.100120 0.351047 0.155058 0.111378
0 0.072366 0.236884 0.144732 0.161988
0 0.030353 0.025970 0.060706 0.051939
0 0.936528 0.084845 0.126943 0.146373
0 0.218264 0.109456 0.081606 0.060881
0 0.358808 0.657383 0.067358 0.066062
0 0.338083 0.566710 0.049223 0.053109
0 0.410622 0.531088 0.059585 0.051813
0 0.626295 0.638601 0.086788 0.088083
0 0.698187 0.731218 0.095855 0.102332
0 0.518782 0.838083 0.110104 0.098446
0 0.424870 0.854275 0.075130 0.068653
0 0.414508 0.790803 0.069948 0.058290
0 0.308290 0.922927 0.067358 0.060881
0 0.242228 0.931995 0.072539 0.079016
0 0.624352 0.933290 0.098446 0.081606
0 0.852332 0.259067 0.093264 0.101036