0 0.417583 0.899134 0.104815 0.095287
0 0.248057 0.974093 0.063472 0.051813
0 0.129125 0.711156 0.115211 0.114344
0 0.854608 0.905631 0.103950 0.089225
0 0.113531 0.400606 0.141197 0.155059
0 0.483853 0.292325 0.103950 0.116944
0 0.452236 0.350363 0.097887 0.125606
0 0.546654 0.370288 0.129071 0.146397
0 0.951126 0.473372 0.097748 0.136000
0 0.859806 0.100884 0.103950 0.116944
0 0.955025 0.106516 0.089950 0.110881
0 0.980145 0.051075 0.039710 0.095287
0 0.647668 0.279145 0.059585 0.071244
0 0.835492 0.393135 0.085492 0.102332
0 0.585492 0.050518 0.095855 0.101036
0 0.465026 0.647668 0.090674 0.098446
0 0.180052 0.792746 0.106218 0.072539
0 0.120466 0.860104 0.145078 0.108808