0 0.965714 0.706216 0.068572 0.119550
0 0.884163 0.683290 0.077846 0.037565
0 0.875825 0.881654 0.111211 0.107867
0 0.979616 0.977332 0.040768 0.045336
0 0.635861 0.955282 0.103925 0.089436
0 0.711140 0.797757 0.111399 0.103286
0 0.416451 0.649978 0.091969 0.101599
0 0.341202 0.923075 0.107274 0.102869
0 0.213083 0.881477 0.081606 0.084197
0 0.124722 0.705959 0.076981 0.067358
0 0.297927 0.535622 0.082902 0.081606
0 0.027202 0.112047 0.054404 0.079017
0 0.852071 0.336252 0.103105 0.096926
0 0.925866 0.385097 0.088966 0.083406
0 0.978225 0.129316 0.043549 0.100087
0 0.906088 0.128238 0.071244 0.082902
0 0.014249 0.605570 0.028497 0.063472
0 0.891839 0.046632 0.058290 0.046632
0 0.528497 0.115285 0.056995 0.072539