0 0.892455 0.363328 0.134779 0.146345
0 0.857038 0.283584 0.125109 0.133453
0 0.798196 0.063945 0.118633 0.100090
0 0.730537 0.236322 0.111211 0.122331
0 0.694394 0.532419 0.122332 0.136231
0 0.586424 0.452073 0.112125 0.147668
0 0.437065 0.437762 0.102554 0.108685
0 0.840357 0.957902 0.119549 0.084196
0 0.819033 0.816206 0.115820 0.142199
0 0.727760 0.960492 0.111211 0.079016
0 0.225922 0.907750 0.097309 0.086188
0 0.537311 0.749278 0.119549 0.091747
0 0.151585 0.838353 0.093203 0.103087
0 0.919689 0.020725 0.126943 0.041450