0 0.745929 0.819131 0.101417 0.097400
0 0.773038 0.536975 0.079327 0.079325
0 0.477328 0.772441 0.118487 0.114469
0 0.574727 0.898959 0.094385 0.058238
0 0.290062 0.735288 0.115474 0.124509
0 0.479335 0.467191 0.144591 0.134550
0 0.620415 0.401922 0.069283 0.080328
0 0.366375 0.371297 0.093384 0.095391
0 0.136936 0.019218 0.090372 0.038436
0 0.009726 0.040303 0.019452 0.080606
0 0.815211 0.256828 0.091373 0.077316
0 0.683672 0.302013 0.077315 0.079325
0 0.572217 0.254822 0.091373 0.095391
0 0.450717 0.196081 0.069283 0.086353