0 0.074230 0.519181 0.070289 0.081334
0 0.394540 0.851541 0.094385 0.087359
0 0.965872 0.934557 0.068256 0.130886
0 0.970391 0.705444 0.059218 0.072297
0 0.853923 0.813384 0.089366 0.097400
0 0.752511 0.835978 0.095391 0.070287
0 0.725900 0.906266 0.100411 0.106437
0 0.818278 0.906769 0.080328 0.075309
0 0.820285 0.964003 0.094385 0.071291
0 0.991580 0.326425 0.016839 0.046632
0 0.820788 0.323881 0.113463 0.116478
0 0.805729 0.456422 0.057237 0.082338
0 0.774601 0.516669 0.055225 0.068278
0 0.719874 0.514159 0.078321 0.085350
0 0.528594 0.251584 0.081333 0.080328
0 0.864470 0.190334 0.136559 0.132544
0 0.781124 0.132597 0.116475 0.119491
0 0.838731 0.005829 0.068653 0.011658
0 0.806730 0.037430 0.097398 0.074859
0 0.712848 0.035923 0.102418 0.071846
0 0.857513 0.875648 0.088083 0.056995