0 0.262958 0.888738 0.091824 0.100484
0 0.244336 0.958229 0.104815 0.083542
0 0.177202 0.896103 0.086626 0.101350
0 0.160742 0.806878 0.105684 0.104816
0 0.677460 0.728916 0.101351 0.106550
0 0.313201 0.485500 0.088355 0.097887
0 0.238706 0.467741 0.081428 0.090091
0 0.559650 0.380681 0.087491 0.077097
0 0.353917 0.010377 0.072765 0.020754
0 0.285913 0.019040 0.075365 0.038080
0 0.684388 0.020341 0.082292 0.040681
0 0.610325 0.013842 0.072765 0.027684
0 0.605570 0.613990 0.068653 0.082902
0 0.509715 0.590026 0.047927 0.050518
0 0.517487 0.659326 0.053109 0.038860
0 0.621762 0.394430 0.046632 0.053109
0 0.467617 0.417098 0.044041 0.044041