0 0.629095 0.563034 0.083406 0.077847
0 0.708327 0.521331 0.080629 0.072287
0 0.754756 0.489356 0.073390 0.075066
0 0.577658 0.171127 0.080629 0.083187
0 0.460160 0.066710 0.065397 0.055699
0 0.573187 0.425899 0.063472 0.070482
0 0.355240 0.253038 0.075068 0.069506
0 0.362125 0.465786 0.094403 0.099966
0 0.360152 0.589949 0.059683 0.068499
0 0.651335 0.956673 0.088966 0.086653
0 0.470207 0.876295 0.049223 0.037565
0 0.239860 0.661731 0.088966 0.080628
0 0.218200 0.626061 0.071115 0.063003
0 0.106408 0.208535 0.088966 0.075101
0 0.215674 0.069397 0.071244 0.058097
0 0.110577 0.893884 0.080629 0.083406
0 0.061922 0.861909 0.072286 0.080628
0 0.102979 0.446891 0.099741 0.093264
0 0.849093 0.552461 0.094560 0.091969
0 0.900259 0.651554 0.054404 0.062176