0 0.913860 0.821891 0.097150 0.102332
0 0.882772 0.445700 0.073834 0.083110
0 0.849008 0.493328 0.081435 0.067749
0 0.809099 0.287078 0.094526 0.100087
0 0.885554 0.280128 0.091749 0.113991
0 0.770174 0.228691 0.105651 0.100088
0 0.848446 0.011658 0.056995 0.023316
0 0.576425 0.158031 0.090674 0.095855
0 0.662565 0.255181 0.091969 0.093264
0 0.565415 0.381477 0.086788 0.089378
0 0.461788 0.026767 0.089378 0.053534
0 0.349181 0.090674 0.086612 0.085492
0 0.298575 0.861030 0.091969 0.091412
0 0.347142 0.772489 0.088100 0.096791
0 0.265377 0.798575 0.085826 0.076425
0 0.212735 0.806984 0.097309 0.094528
0 0.082902 0.806347 0.103627 0.104922
0 0.115933 0.976684 0.058290 0.046632