0 0.327493 0.971241 0.130806 0.057517
0 0.374273 0.924722 0.123873 0.104816
0 0.194526 0.917794 0.124738 0.123875
0 0.706910 0.740644 0.118675 0.128206
0 0.810865 0.767497 0.120409 0.116078
0 0.762352 0.938584 0.090954 0.090956
0 0.694352 0.857587 0.114346 0.107416
0 0.823423 0.878378 0.105684 0.097019
0 0.644541 0.811678 0.099616 0.121275
0 0.499880 0.561331 0.113477 0.124741
0 0.860238 0.306653 0.096153 0.112613
0 0.236107 0.346934 0.150729 0.151594
0 0.591267 0.042878 0.105684 0.085756
0 0.972782 0.275034 0.054435 0.111747
0 0.958056 0.175850 0.083888 0.129938
0 0.656088 0.252591 0.094560 0.121762
0 0.895725 0.366580 0.097150 0.106218
0 0.761658 0.581606 0.098446 0.103627