0 0.042030 0.173216 0.084060 0.143797
0 0.133869 0.105379 0.130806 0.157118
0 0.241287 0.095687 0.120409 0.130803
0 0.287197 0.039397 0.134270 0.078794
0 0.950310 0.976853 0.098752 0.046294
0 0.876248 0.986382 0.101351 0.027236
0 0.636294 0.622800 0.144666 0.161122
0 0.518484 0.434391 0.129071 0.132537
0 0.439655 0.456478 0.137733 0.152459
0 0.618537 0.309216 0.133405 0.140331
0 0.895739 0.343434 0.095288 0.094422
0 0.508957 0.111713 0.132535 0.126472
0 0.390714 0.163253 0.117810 0.113478
0 0.338305 0.269369 0.142932 0.138600
0 0.618537 0.077928 0.126472 0.109147
0 0.712528 0.056288 0.123873 0.112576
0 0.900937 0.709859 0.152459 0.129072
0 0.034974 0.389896 0.069948 0.111399
0 0.690415 0.444301 0.101036 0.098446