0 0.965026 0.050518 0.069948 0.101036
0 0.849376 0.246084 0.155692 0.150134
0 0.984465 0.568292 0.031070 0.095134
0 0.956662 0.598321 0.086676 0.065017
0 0.945541 0.734019 0.108918 0.130672
0 0.876256 0.688144 0.068575 0.077847
0 0.880252 0.790155 0.122915 0.137306
0 0.845855 0.914734 0.119171 0.125112
0 0.927227 0.987047 0.116772 0.025906
0 0.530416 0.774331 0.115237 0.100087
0 0.029793 0.571988 0.059585 0.076618
0 0.833549 0.030440 0.058290 0.060880
0 0.500648 0.285622 0.063472 0.060881
0 0.400259 0.297927 0.054404 0.054404
0 0.218912 0.319948 0.064767 0.062176
0 0.821244 0.779793 0.069948 0.113990
0 0.757772 0.786269 0.062176 0.056995