0 0.171029 0.129191 0.116250 0.137006
0 0.231749 0.191987 0.108984 0.115209
0 0.312189 0.268794 0.118323 0.067466
0 0.052819 0.947081 0.105638 0.074731
0 0.097855 0.784125 0.084074 0.076806
0 0.353187 0.645563 0.146349 0.138044
0 0.523407 0.784125 0.125589 0.122475
0 0.915744 0.594703 0.092374 0.094453
0 0.690511 0.692788 0.079919 0.066428
0 0.754863 0.705244 0.086146 0.072656
0 0.483290 0.681890 0.030830 0.032173
0 0.890834 0.525681 0.061236 0.049822
0 0.938577 0.506478 0.057086 0.084072
0 0.875785 0.418775 0.124550 0.074731
0 0.841014 0.248034 0.071619 0.073694
0 0.852948 0.020484 0.091340 0.040968