0 0.852044 0.977945 0.185377 0.044109
0 0.700883 0.946327 0.172382 0.107345
0 0.458335 0.934199 0.163720 0.131602
0 0.793571 0.784372 0.134270 0.135134
0 0.305439 0.580803 0.128207 0.112612
0 0.050501 0.350171 0.101002 0.140756
0 0.592170 0.212659 0.129935 0.126496
0 0.260394 0.253362 0.121274 0.105681
0 0.194129 0.171500 0.113477 0.111747
0 0.443605 0.566944 0.135999 0.133403
0 0.204663 0.924870 0.093264 0.116580
0 0.321244 0.920984 0.072539 0.101036
0 0.036269 0.815415 0.072538 0.060881
0 0.279145 0.448834 0.128238 0.099741
0 0.056995 0.505181 0.113990 0.124352