0 0.956606 0.345422 0.086788 0.100171
0 0.957254 0.189097 0.044041 0.056950
0 0.725389 0.158679 0.088083 0.081606
0 0.649909 0.040670 0.061166 0.081340
0 0.513743 0.081252 0.089094 0.088791
0 0.280201 0.048575 0.100220 0.097150
0 0.360104 0.147456 0.064767 0.098871
0 0.046598 0.164747 0.088966 0.105650
0 0.086788 0.300978 0.103627 0.088969
0 0.011010 0.359362 0.022020 0.088969
0 0.035810 0.451561 0.071620 0.078744
0 0.213083 0.575130 0.086788 0.093264
0 0.583183 0.435148 0.072286 0.093094
0 0.711075 0.441987 0.083406 0.062731
0 0.777800 0.452503 0.083406 0.091747
0 0.829237 0.502547 0.086189 0.080628
0 0.907083 0.519228 0.102869 0.091747
0 0.859820 0.981340 0.086189 0.037320
0 0.907083 0.900122 0.058383 0.091747
0 0.849300 0.902955 0.079429 0.080521
0 0.812557 0.779181 0.080629 0.100087
0 0.722199 0.512278 0.094526 0.100087
0 0.619331 0.633219 0.072286 0.080628
0 0.574766 0.814824 0.088809 0.087969
0 0.737489 0.884831 0.080628 0.083406
0 0.448345 0.783353 0.097309 0.097309
0 0.459845 0.869734 0.093264 0.092137
0 0.138061 0.734892 0.099525 0.094137
0 0.012953 0.833549 0.025906 0.076425
0 0.084132 0.946891 0.097309 0.106218
0 0.389249 0.598446 0.058290 0.051813
0 0.900907 0.810881 0.055699 0.075130
0 0.580959 0.079016 0.053109 0.044041