0 0.088288 0.151397 0.132545 0.135556
0 0.114397 0.265866 0.094385 0.097400
0 0.034604 0.273900 0.069208 0.117481
0 0.109372 0.434056 0.116475 0.130534
0 0.170627 0.521916 0.116475 0.137562
0 0.311703 0.567603 0.107442 0.130534
0 0.143513 0.975084 0.060245 0.049832
0 0.738453 0.929584 0.073301 0.079325
0 0.592857 0.805075 0.075308 0.075309
0 0.984447 0.864316 0.031106 0.073300
0 0.546162 0.488278 0.078321 0.082338
0 0.629004 0.515891 0.079327 0.059244
0 0.681719 0.611781 0.050205 0.058237
0 0.538633 0.591700 0.085347 0.100413
0 0.459809 0.222687 0.058238 0.067275
0 0.825309 0.261850 0.094385 0.099406
0 0.917185 0.268375 0.095391 0.108444
0 0.965369 0.114747 0.069262 0.102419
0 0.876013 0.151900 0.085347 0.080328