0 0.372521 0.950433 0.109148 0.099134
0 0.309719 0.980319 0.120409 0.039362
0 0.149463 0.788253 0.106549 0.116078
0 0.217030 0.861019 0.103085 0.109147
0 0.032935 0.956063 0.065869 0.087873
0 0.069770 0.753603 0.104815 0.112612
0 0.045495 0.637525 0.090990 0.116078
0 0.139067 0.640559 0.110013 0.115212
0 0.524552 0.872281 0.110013 0.121275
0 0.659686 0.880075 0.110013 0.119544
0 0.916959 0.249878 0.097887 0.104816
0 0.969959 0.212631 0.060081 0.110013
0 0.911329 0.154591 0.097022 0.097887
0 0.929522 0.107381 0.076229 0.050244
0 0.977321 0.144197 0.045358 0.077097
0 0.067358 0.948834 0.049223 0.071244
0 0.144430 0.919041 0.081606 0.104922