0 0.330962 0.971016 0.139468 0.057968
0 0.219215 0.876197 0.099616 0.095287
0 0.298476 0.763150 0.100486 0.101350
0 0.611190 0.665697 0.100486 0.091822
0 0.662565 0.815936 0.104922 0.116832
0 0.884063 0.646638 0.090090 0.098753
0 0.860671 0.521031 0.100486 0.090091
0 0.626785 0.410584 0.110882 0.110013
0 0.593866 0.050225 0.098752 0.094422
0 0.679564 0.068005 0.076104 0.060881
0 0.987075 0.027063 0.025850 0.054125
0 0.050039 0.903481 0.084533 0.068434
0 0.747409 0.820596 0.075130 0.099741
0 0.793394 0.933938 0.089378 0.072539
0 0.968912 0.869171 0.062176 0.075130
0 0.397021 0.832902 0.079016 0.119171
0 0.303109 0.851684 0.059585 0.076425
0 0.536269 0.027850 0.064767 0.055699
0 0.793394 0.049870 0.084197 0.084197
0 0.889896 0.446244 0.072539 0.066062