0 0.045510 0.963173 0.091020 0.073653
0 0.731144 0.038936 0.099405 0.077872
0 0.681944 0.023372 0.075308 0.046744
0 0.446479 0.097453 0.072295 0.053219
0 0.463046 0.178784 0.091373 0.109447
0 0.368661 0.168744 0.117481 0.101416
0 0.346068 0.210919 0.074302 0.059244
0 0.213523 0.234012 0.074302 0.081334
0 0.135705 0.189328 0.101417 0.108444
0 0.117131 0.272672 0.074302 0.082338
0 0.622700 0.260622 0.095391 0.104428
0 0.498188 0.330406 0.105430 0.111456
0 0.354100 0.398688 0.074302 0.071291
0 0.401796 0.414753 0.029121 0.043178
0 0.368661 0.582941 0.113463 0.110453
0 0.124297 0.671476 0.134826 0.138912
0 0.241639 0.865600 0.072295 0.093381
0 0.325482 0.939577 0.131539 0.120845
0 0.507729 0.977232 0.130533 0.045536
0 0.919919 0.308819 0.099405 0.112459
0 0.156088 0.725389 0.112694 0.111399