0 0.944301 0.061521 0.111398 0.123042
0 0.429096 0.102735 0.079631 0.087276
0 0.353145 0.113342 0.100072 0.084197
0 0.667801 0.418394 0.110214 0.111399
0 0.794114 0.512853 0.124497 0.126742
0 0.922541 0.545641 0.121238 0.116772
0 0.917528 0.681995 0.139012 0.138601
0 0.732639 0.875100 0.108429 0.113991
0 0.588723 0.893172 0.112678 0.116772
0 0.590850 0.967437 0.108429 0.065125
0 0.250269 0.567858 0.127892 0.127944
0 0.144341 0.579003 0.122879 0.122331
0 0.068044 0.773622 0.097072 0.100087
0 0.194812 0.156736 0.094833 0.080311
0 0.183290 0.091969 0.099741 0.085492