0 0.076333 0.011142 0.074730 0.022284
0 0.236175 0.017370 0.099640 0.034740
0 0.215937 0.071069 0.088224 0.085109
0 0.256935 0.094422 0.047743 0.061237
0 0.312982 0.062762 0.087185 0.076806
0 0.902527 0.023078 0.070580 0.046156
0 0.158851 0.261009 0.100679 0.085109
0 0.177533 0.368434 0.088224 0.092375
0 0.079966 0.374663 0.069541 0.061237
0 0.031702 0.416178 0.060198 0.104831
0 0.240325 0.413584 0.103795 0.080959
0 0.367991 0.553706 0.064352 0.085109
0 0.316094 0.541250 0.093413 0.097566
0 0.297933 0.617538 0.088224 0.090300
0 0.320249 0.704206 0.070580 0.076806
0 0.395496 0.685522 0.073691 0.078881
0 0.211782 0.581728 0.034254 0.033213
0 0.837136 0.567197 0.051897 0.056047
0 0.768633 0.558894 0.089262 0.085109