0 0.872623 0.175518 0.138173 0.130829
0 0.885554 0.080628 0.147354 0.105650
0 0.558267 0.038212 0.093310 0.076424
0 0.451116 0.044689 0.104304 0.089378
0 0.672865 0.291925 0.116772 0.127891
0 0.581116 0.258562 0.083406 0.083406
0 0.547755 0.374243 0.133452 0.109027
0 0.553315 0.510633 0.122332 0.131584
0 0.586140 0.549870 0.102332 0.112694
0 0.429593 0.503777 0.147354 0.140114
0 0.345855 0.487758 0.106218 0.135884
0 0.239144 0.490538 0.127892 0.130323
0 0.360084 0.305828 0.141794 0.155694
0 0.254438 0.319728 0.119549 0.094528
0 0.169689 0.223209 0.113990 0.109630
0 0.158520 0.389234 0.139012 0.127891
0 0.171032 0.461522 0.136234 0.122331
0 0.349741 0.720207 0.119171 0.129534
0 0.266192 0.134715 0.066062 0.059585
0 0.335492 0.560233 0.082902 0.055699
0 0.473446 0.272668 0.107513 0.128238