0 0.322523 0.961668 0.142584 0.076664
0 0.248724 0.933378 0.043179 0.040166
0 0.125217 0.909781 0.103424 0.113466
0 0.117185 0.523197 0.103424 0.073300
0 0.061955 0.458431 0.071294 0.084347
0 0.142288 0.328900 0.083340 0.076313
0 0.237176 0.293256 0.076314 0.081334
0 0.041877 0.370572 0.077315 0.067275
0 0.027213 0.203388 0.054426 0.084347
0 0.012151 0.152678 0.024301 0.087359
0 0.188474 0.109503 0.075308 0.079325
0 0.411889 0.248572 0.050205 0.080328
0 0.317001 0.007307 0.077315 0.014614
0 0.888342 0.042952 0.091373 0.085904
0 0.933528 0.198869 0.087359 0.107441
0 0.756803 0.393666 0.057237 0.051209
0 0.495234 0.572900 0.128526 0.112459
0 0.740738 0.614069 0.111456 0.098403
0 0.615723 0.574406 0.058238 0.045184
0 0.728185 0.760669 0.090372 0.100413
0 0.684005 0.837484 0.098404 0.103425
0 0.424443 0.927353 0.073301 0.096394
0 0.478662 0.231503 0.047193 0.062256