0 0.023316 0.581106 0.046632 0.102869
0 0.412794 0.962234 0.091511 0.075532
0 0.659326 0.947669 0.098446 0.087047
0 0.827170 0.925856 0.063944 0.075066
0 0.893896 0.920984 0.086189 0.085492
0 0.870265 0.970573 0.088966 0.058853
0 0.845242 0.529672 0.077846 0.083406
0 0.684578 0.423386 0.079031 0.098823
0 0.739591 0.174557 0.072286 0.087455
0 0.641515 0.587011 0.087437 0.097998
0 0.567213 0.551341 0.083406 0.084548
0 0.539508 0.742228 0.099741 0.103627
0 0.695105 0.019430 0.100091 0.038860
0 0.487976 0.016839 0.075068 0.033678