0 0.814761 0.950659 0.138598 0.098682
0 0.292845 0.905216 0.151594 0.151594
0 0.307138 0.796500 0.105684 0.110881
0 0.415853 0.968417 0.116945 0.063166
0 0.465664 0.890056 0.161121 0.140331
0 0.537128 0.794334 0.134270 0.142931
0 0.933869 0.905638 0.130806 0.157636
0 0.821689 0.652703 0.155927 0.152459
0 0.534961 0.650537 0.128207 0.148128
0 0.627217 0.568675 0.153328 0.147263
0 0.972782 0.465159 0.054435 0.144663
0 0.747194 0.370738 0.107414 0.120409
0 0.567015 0.444369 0.109148 0.103084
0 0.460466 0.288878 0.133405 0.112612
0 0.515777 0.016839 0.067823 0.033678
0 0.572539 0.255829 0.075130 0.076425
0 0.491580 0.043394 0.071244 0.042746