0 0.837751 0.887906 0.108283 0.112612
0 0.661469 0.786122 0.097022 0.101350
0 0.294610 0.826838 0.104815 0.104816
0 0.298079 0.956948 0.123873 0.086104
0 0.507276 0.512822 0.093554 0.103950
0 0.197160 0.508056 0.124738 0.122141
0 0.291146 0.471241 0.118675 0.117809
0 0.512042 0.350831 0.092689 0.107416
0 0.561734 0.323187 0.081196 0.094560
0 0.324065 0.324482 0.090954 0.073834
0 0.391783 0.345207 0.079129 0.099741
0 0.508420 0.892487 0.060881 0.075130
0 0.588083 0.977332 0.077720 0.045336
0 0.429404 0.353627 0.024611 0.088083