0 0.918394 0.933938 0.051813 0.051813
0 0.893532 0.632772 0.077219 0.058290
0 0.943653 0.601180 0.053109 0.059874
0 0.543394 0.319301 0.063472 0.053109
0 0.400005 0.150134 0.075637 0.077847
0 0.347560 0.135963 0.068178 0.067264
0 0.434477 0.482372 0.072286 0.080628
0 0.381649 0.514347 0.055606 0.077847
0 0.606218 0.714806 0.069948 0.077281
0 0.569948 0.877591 0.082902 0.068653
0 0.494171 0.983808 0.068653 0.032383
0 0.025259 0.953181 0.050518 0.093637
0 0.107794 0.762307 0.091749 0.071246
0 0.015544 0.650578 0.031088 0.077847
0 0.020725 0.461522 0.041450 0.083406
0 0.124479 0.379503 0.063944 0.075069
0 0.031736 0.340581 0.063472 0.086187
0 0.044389 0.178646 0.062871 0.054183