0 0.593866 0.850225 0.098752 0.094422
0 0.685257 0.865384 0.087491 0.095287
0 0.958490 0.725484 0.083020 0.090956
0 0.987075 0.813844 0.025850 0.080563
0 0.997904 0.867116 0.004192 0.077962
0 0.556186 0.674809 0.090954 0.077963
0 0.761054 0.632363 0.107414 0.112613
0 0.683091 0.573459 0.091824 0.098753
0 0.979280 0.383309 0.041440 0.075352
0 0.673564 0.259009 0.098752 0.097019
0 0.955023 0.216997 0.089953 0.106550
0 0.916112 0.307084 0.105684 0.110013
0 0.834685 0.294959 0.093554 0.089225
0 0.998769 0.215263 0.002462 0.127338
0 0.873666 0.063669 0.102216 0.106550
0 0.769430 0.281736 0.077720 0.107513
0 0.529145 0.811528 0.042746 0.079016
0 0.788212 0.851036 0.066062 0.077720
0 0.810233 0.904145 0.034974 0.072539
0 0.865285 0.431347 0.072539 0.067358