0 0.577839 0.949134 0.106549 0.101732
0 0.161045 0.898345 0.087236 0.071185
0 0.239029 0.765544 0.094638 0.088083
0 0.392093 0.778555 0.063980 0.072423
0 0.443021 0.781088 0.067326 0.062176
0 0.633713 0.607641 0.088355 0.082294
0 0.709077 0.591616 0.102216 0.098753
0 0.568744 0.553066 0.097022 0.089225
0 0.106768 0.471414 0.094754 0.077543
0 0.036191 0.334772 0.072382 0.096153
0 0.532383 0.334197 0.077720 0.064767
0 0.322130 0.246978 0.094082 0.084629
0 0.222812 0.215630 0.095882 0.091883
0 0.101372 0.191710 0.082231 0.075130
0 0.018435 0.168450 0.036869 0.078828
0 0.086140 0.908031 0.089378 0.101036
0 0.175518 0.935881 0.091969 0.076425
0 0.622409 0.770078 0.060881 0.084197
0 0.548575 0.697539 0.084197 0.102332
0 0.246114 0.259715 0.082902 0.058290