0 0.920008 0.963652 0.122144 0.072695
0 0.828622 0.931203 0.109148 0.123875
0 0.921743 0.845444 0.115211 0.125606
0 0.397660 0.733263 0.156792 0.143797
0 0.267724 0.671328 0.120409 0.108281
0 0.181963 0.734997 0.116945 0.090091
0 0.166805 0.611556 0.142067 0.139466
0 0.889693 0.693850 0.139468 0.151594
0 0.244336 0.499809 0.125607 0.148128
0 0.313201 0.427478 0.110882 0.110881
0 0.468258 0.313131 0.140333 0.155925
0 0.664465 0.399325 0.139468 0.125606
0 0.954591 0.567378 0.090818 0.125606
0 0.522402 0.078378 0.148130 0.135134
0 0.618988 0.025762 0.124738 0.051524
0 0.316710 0.799223 0.066062 0.103627
0 0.854922 0.770078 0.103627 0.094560
0 0.975389 0.759715 0.049222 0.094560
0 0.069301 0.633420 0.071244 0.126943