0 0.670965 0.891787 0.124738 0.129937
0 0.424516 0.901316 0.120409 0.107416
0 0.675293 0.973614 0.129936 0.052772
0 0.450069 0.732397 0.114346 0.116078
0 0.718172 0.634512 0.111747 0.117809
0 0.749793 0.688653 0.103950 0.097888
0 0.886864 0.848990 0.126059 0.125442
0 0.966285 0.890922 0.067430 0.098753
0 0.328795 0.632347 0.093553 0.090956
0 0.416718 0.648372 0.111747 0.119544
0 0.347854 0.553950 0.105684 0.119544
0 0.299773 0.530563 0.089225 0.095287
0 0.711676 0.453466 0.110882 0.109147
0 0.919144 0.426178 0.106549 0.115213
0 0.971483 0.425744 0.057034 0.114344
0 0.777077 0.345616 0.122144 0.129072
0 0.669041 0.325777 0.079016 0.094560
0 0.858941 0.322663 0.091824 0.109147
0 0.958055 0.230837 0.083890 0.117809
0 0.944631 0.301872 0.110738 0.102219