0 0.963083 0.697698 0.073834 0.094241
0 0.814767 0.491739 0.095855 0.089696
0 0.657849 0.395078 0.072903 0.072539
0 0.589654 0.375238 0.052366 0.061358
0 0.620466 0.506951 0.075130 0.074181
0 0.503886 0.450130 0.062176 0.063472
0 0.465026 0.517504 0.077720 0.084162
0 0.310881 0.528405 0.080311 0.077535
0 0.251333 0.573187 0.082827 0.086788
0 0.052134 0.314169 0.104268 0.111209
0 0.018772 0.451791 0.037544 0.097309
0 0.029894 0.551878 0.059787 0.097309
0 0.098711 0.656138 0.100091 0.094528
0 0.124468 0.780206 0.090441 0.092437
0 0.011010 0.765214 0.022020 0.068018
0 0.067358 0.992228 0.051813 0.015544