0 0.768673 0.163212 0.081826 0.077720
0 0.982040 0.806984 0.035920 0.094528
0 0.884843 0.804446 0.119549 0.106135
0 0.907114 0.973446 0.064010 0.053108
0 0.692263 0.570446 0.118064 0.105221
0 0.723586 0.319050 0.152915 0.113991
0 0.106579 0.448834 0.097722 0.091969
0 0.258355 0.478627 0.084325 0.079016
0 0.034419 0.422927 0.068838 0.084197
0 0.275967 0.665191 0.097309 0.127891
0 0.368523 0.768782 0.102332 0.097150
0 0.410622 0.928756 0.101036 0.098446
0 0.292746 0.990285 0.049223 0.019430
0 0.171489 0.939082 0.105209 0.113916
0 0.706606 0.398964 0.063472 0.067358
0 0.719560 0.910622 0.058290 0.085492