0 0.977191 0.652133 0.045618 0.073972
0 0.977979 0.094560 0.044041 0.059585
0 0.872362 0.046584 0.063944 0.041703
0 0.840393 0.092459 0.066726 0.061166
0 0.839001 0.170306 0.058383 0.055606
0 0.664255 0.121653 0.079806 0.080628
0 0.766192 0.246762 0.066062 0.063472
0 0.862633 0.605416 0.094526 0.080628
0 0.702767 0.521256 0.075068 0.071010
0 0.656294 0.574065 0.084609 0.090212
0 0.599741 0.461718 0.077720 0.078876
0 0.516192 0.459845 0.060881 0.064767
0 0.511658 0.745466 0.085492 0.071244
0 0.582254 0.027850 0.084197 0.055699