0 0.815407 0.008420 0.112708 0.016839
0 0.951813 0.046585 0.096374 0.093170
0 0.957374 0.192438 0.085252 0.112855
0 0.866606 0.180699 0.090724 0.110104
0 0.908679 0.294041 0.097150 0.093264
0 0.655765 0.375602 0.115932 0.108899
0 0.979614 0.690415 0.040771 0.090674
0 0.892543 0.950777 0.111287 0.098446
0 0.375378 0.595006 0.139012 0.119550
0 0.216297 0.545984 0.093313 0.094560
0 0.136018 0.535419 0.082887 0.094155
0 0.138601 0.625591 0.111399 0.091747
0 0.320652 0.871114 0.120578 0.115285
0 0.419003 0.850389 0.081684 0.084197
0 0.332688 0.956673 0.109236 0.086653
0 0.196660 0.955959 0.104089 0.088082
0 0.125155 0.960843 0.111211 0.078314