0 0.027213 0.980607 0.054426 0.038786
0 0.012151 0.952678 0.024301 0.087359
0 0.188474 0.909503 0.075308 0.079325
0 0.015163 0.659478 0.030326 0.085350
0 0.317001 0.780475 0.077315 0.068278
0 0.376244 0.722738 0.081333 0.071291
0 0.384779 0.187544 0.082339 0.077316
0 0.338592 0.254319 0.058238 0.076313
0 0.254246 0.135331 0.084346 0.087359
0 0.375741 0.021728 0.100411 0.043456
0 0.785924 0.659981 0.107442 0.104428
0 0.929006 0.691609 0.088360 0.075309
0 0.965509 0.762903 0.068982 0.085350
0 0.888342 0.842225 0.091373 0.087359
0 0.933528 0.972574 0.087359 0.054852