0 0.967104 0.939991 0.065792 0.120018
0 0.825779 0.955283 0.139012 0.089434
0 0.766005 0.813256 0.125109 0.116772
0 0.561653 0.839669 0.127892 0.108431
0 0.532462 0.963623 0.130669 0.072754
0 0.336453 0.963623 0.116772 0.072753
0 0.459364 0.883420 0.112361 0.124352
0 0.335066 0.788234 0.119549 0.105650
0 0.246095 0.875648 0.069508 0.075130
0 0.186321 0.947539 0.127892 0.104922
0 0.311435 0.528281 0.111211 0.097309
0 0.323148 0.618638 0.110026 0.083406
0 0.674256 0.572766 0.141794 0.130672
0 0.698179 0.326712 0.121748 0.122331
0 0.827170 0.295984 0.113989 0.094560
0 0.708549 0.197998 0.119171 0.123976
0 0.134889 0.546353 0.097309 0.072287
0 0.017487 0.900259 0.034974 0.090674