0 0.961544 0.946941 0.076912 0.106117
0 0.891114 0.882763 0.097309 0.116772
0 0.546364 0.816038 0.108429 0.105650
0 0.032383 0.941147 0.064766 0.094528
0 0.171032 0.572766 0.108429 0.102869
0 0.575556 0.544963 0.100091 0.091747
0 0.589458 0.456339 0.105651 0.096616
0 0.541451 0.138444 0.075130 0.092950
0 0.545984 0.010363 0.066062 0.020725
0 0.308652 0.253038 0.066726 0.080628
0 0.247487 0.250256 0.072286 0.086187
0 0.059820 0.200213 0.086189 0.075066
0 0.107083 0.113153 0.058383 0.065684
0 0.044507 0.100122 0.089014 0.086187
0 0.026436 0.014612 0.052871 0.029224
0 0.015544 0.318196 0.031088 0.094179
0 0.682642 0.150259 0.062176 0.080311
0 0.115285 0.242876 0.059585 0.084197
0 0.102979 0.022021 0.040155 0.044041