0 0.146555 0.797560 0.092900 0.101771
0 0.700777 0.791306 0.085492 0.080600
0 0.564848 0.595947 0.101351 0.107416
0 0.443137 0.534875 0.072765 0.077097
0 0.950260 0.407103 0.099480 0.103950
0 0.358678 0.273269 0.110013 0.108281
0 0.819960 0.132069 0.110882 0.106550
0 0.890558 0.210466 0.084027 0.086625
0 0.800901 0.188809 0.083162 0.086625
0 0.977546 0.137700 0.044908 0.121275
0 0.920878 0.045894 0.097887 0.091787
0 0.847680 0.012977 0.105684 0.025953
0 0.245201 0.022505 0.123873 0.045010
0 0.307642 0.040155 0.066062 0.059585
0 0.194301 0.714378 0.051813 0.060881
0 0.130829 0.727332 0.077720 0.081606
0 0.942358 0.128238 0.066062 0.088083