0 0.521427 0.069364 0.099849 0.092096
0 0.679781 0.500478 0.127892 0.119550
0 0.489337 0.216894 0.119549 0.108431
0 0.362832 0.269719 0.122332 0.130672
0 0.045984 0.382173 0.091968 0.116483
0 0.148316 0.338731 0.099741 0.084197
0 0.046574 0.647831 0.093148 0.102869
0 0.077857 0.721509 0.086189 0.094528
0 0.075388 0.774994 0.097928 0.084726
0 0.360751 0.882124 0.086788 0.080311
0 0.856826 0.833549 0.107435 0.094560
0 0.707924 0.950777 0.104967 0.098446
0 0.227993 0.958549 0.097309 0.082902
0 0.175518 0.191062 0.053109 0.076425
0 0.080959 0.233161 0.099741 0.077720
0 0.601684 0.488990 0.034974 0.079016