0 0.031860 0.964727 0.063720 0.070546
0 0.050053 0.683438 0.100105 0.136869
0 0.148616 0.642291 0.128207 0.120409
0 0.319696 0.347766 0.146396 0.165453
0 0.599064 0.589881 0.131671 0.119544
0 0.814761 0.173216 0.138598 0.143797
0 0.292845 0.105216 0.151594 0.151594
0 0.307138 0.025970 0.105684 0.051940
0 0.415853 0.194006 0.116945 0.114344
0 0.465664 0.090056 0.161121 0.140331
0 0.537128 0.032900 0.134270 0.065800
0 0.933869 0.103436 0.130806 0.153232
0 0.814119 0.388601 0.112694 0.113990
0 0.533031 0.800518 0.097150 0.077720
0 0.539508 0.906088 0.058290 0.066062
0 0.161269 0.906088 0.107513 0.110104