0 0.979614 0.615825 0.040771 0.080628
0 0.937824 0.625000 0.056995 0.084197
0 0.985751 0.752056 0.028497 0.086187
0 0.935599 0.126943 0.102869 0.124352
0 0.622702 0.034326 0.100326 0.068652
0 0.511010 0.273316 0.076425 0.082902
0 0.507781 0.575858 0.142469 0.182805
0 0.595207 0.865209 0.089378 0.101189
0 0.302610 0.643628 0.162216 0.152912
0 0.121294 0.576425 0.146733 0.139896
0 0.058313 0.190890 0.111444 0.101986
0 0.042746 0.672819 0.085492 0.133453
0 0.020873 0.772909 0.041746 0.139013
0 0.085721 0.805654 0.121305 0.132215
0 0.201615 0.804404 0.125109 0.132124