0 0.829774 0.413860 0.115063 0.104922
0 0.735040 0.404241 0.102205 0.109000
0 0.797090 0.557441 0.105301 0.119550
0 0.771073 0.675647 0.097751 0.099999
0 0.769320 0.963433 0.083121 0.069353
0 0.376059 0.658919 0.091749 0.094528
0 0.299870 0.609062 0.079016 0.088591
0 0.290803 0.538212 0.089378 0.071244
0 0.304845 0.304247 0.071657 0.085807
0 0.256505 0.261912 0.119549 0.098954
0 0.289870 0.373944 0.091749 0.097309
0 0.168536 0.348967 0.082618 0.097403
0 0.137114 0.390830 0.074746 0.081035
0 0.079898 0.590803 0.100211 0.108431