0 0.894887 0.909097 0.118675 0.099619
0 0.969750 0.868816 0.060500 0.083159
0 0.394430 0.898964 0.063472 0.064767
0 0.465068 0.891192 0.075046 0.051813
0 0.264260 0.791284 0.087491 0.099619
0 0.296741 0.710291 0.086626 0.107416
0 0.360845 0.764431 0.097022 0.097887
0 0.412390 0.687334 0.064968 0.073631
0 0.485150 0.698187 0.094423 0.075130
0 0.692299 0.606341 0.105038 0.095287
0 0.653641 0.582953 0.051977 0.076231
0 0.446606 0.559131 0.084891 0.094422
0 0.529763 0.535309 0.103950 0.100484
0 0.907018 0.534009 0.097887 0.089225
0 0.966286 0.647056 0.067428 0.091822
0 0.902252 0.610241 0.095288 0.090956
0 0.598199 0.384581 0.105684 0.093556
0 0.368642 0.259841 0.110882 0.102219
0 0.664902 0.300122 0.107414 0.099619
0 0.919144 0.312250 0.115211 0.110013
0 0.848584 0.376784 0.114267 0.084894
0 0.953725 0.506287 0.092550 0.099619
0 0.527850 0.384067 0.066062 0.071244