0 0.330543 0.657450 0.089225 0.091822
0 0.377754 0.704659 0.076229 0.087491
0 0.640230 0.758369 0.103950 0.111747
0 0.629834 0.351231 0.107414 0.113478
0 0.507690 0.389778 0.109148 0.097019
0 0.637199 0.158922 0.089225 0.084025
0 0.979936 0.778291 0.040127 0.132537
0 0.984703 0.063499 0.030593 0.069892
0 0.844229 0.103481 0.096153 0.068434
0 0.443653 0.628886 0.086788 0.086788
0 0.275259 0.483161 0.084197 0.077720
0 0.152202 0.455311 0.050518 0.060881
0 0.847798 0.454016 0.086788 0.099741
0 0.970207 0.049870 0.028497 0.040155
0 0.856218 0.761010 0.077720 0.066062