0 0.972798 0.076506 0.054404 0.116742
0 0.818203 0.965013 0.143387 0.069973
0 0.927461 0.868036 0.132124 0.131803
0 0.965674 0.255829 0.068652 0.060881
0 0.591969 0.185124 0.113990 0.116362
0 0.622828 0.310031 0.108350 0.100087
0 0.648316 0.368667 0.089378 0.083909
0 0.805052 0.415155 0.076425 0.086788
0 0.758300 0.510792 0.109865 0.104485
0 0.679126 0.554311 0.121022 0.127129
0 0.599741 0.474066 0.064767 0.094528
0 0.494171 0.612286 0.097150 0.109625
0 0.432340 0.746370 0.111211 0.117092
0 0.617229 0.963731 0.141794 0.072538
0 0.359747 0.765721 0.095141 0.116226
0 0.168214 0.984475 0.100091 0.031050
0 0.107219 0.965674 0.071950 0.068652