0 0.727739 0.725450 0.111747 0.080562
0 0.853778 0.550469 0.117810 0.101350
0 0.553622 0.591181 0.146396 0.136000
0 0.633748 0.463409 0.107414 0.093556
0 0.683938 0.403757 0.101036 0.105442
0 0.245237 0.172350 0.158522 0.150728
0 0.269430 0.264606 0.121762 0.092688
0 0.265160 0.082259 0.120409 0.097019
0 0.418488 0.069287 0.142932 0.133446
0 0.538460 0.070997 0.128207 0.126472
0 0.617289 0.110413 0.102216 0.142931
0 0.973666 0.141192 0.052668 0.069948
0 0.553756 0.385363 0.110104 0.102332
0 0.909326 0.124352 0.062176 0.059585
0 0.284326 0.610104 0.086788 0.093264
0 0.198834 0.609456 0.081606 0.084197
0 0.251943 0.040155 0.076425 0.059585
0 0.347798 0.128238 0.066062 0.108808
0 0.955959 0.742228 0.059585 0.075130