0 0.962435 0.755366 0.075130 0.114359
0 0.966969 0.646920 0.066062 0.086586
0 0.876896 0.452114 0.085398 0.085409
0 0.834197 0.179571 0.075130 0.087121
0 0.597245 0.119171 0.083091 0.082902
0 0.461788 0.125325 0.097150 0.099091
0 0.294039 0.164747 0.100091 0.094528
0 0.464772 0.323187 0.052322 0.055699
0 0.226668 0.427202 0.095822 0.091192
0 0.011658 0.276089 0.023316 0.066993
0 0.606819 0.731180 0.080629 0.073759
0 0.635599 0.790750 0.099268 0.084303
0 0.534388 0.939745 0.097027 0.076468
0 0.388362 0.900017 0.088560 0.085977
0 0.284326 0.819301 0.091969 0.076425
0 0.612047 0.952720 0.053109 0.058290
0 0.567358 0.858161 0.075130 0.079016