0 0.195426 0.753172 0.119545 0.110013
0 0.260827 0.822472 0.132535 0.118675
0 0.295480 0.592047 0.122144 0.120409
0 0.810463 0.449550 0.162855 0.142066
0 0.982763 0.344300 0.034474 0.127338
0 0.900121 0.365091 0.155058 0.139466
0 0.852044 0.236884 0.185377 0.161988
0 0.700883 0.179713 0.172382 0.174116
0 0.458335 0.150259 0.163720 0.163722
0 0.299376 0.349497 0.164589 0.156791
0 0.793571 0.025970 0.134270 0.051939
0 0.503886 0.292098 0.101036 0.104922
0 0.204663 0.125648 0.095855 0.124352
0 0.325130 0.115285 0.067358 0.088083
0 0.034326 0.024611 0.068652 0.049222