0 0.972150 0.441710 0.055699 0.064767
0 0.861163 0.350975 0.122234 0.129412
0 0.207902 0.073834 0.120466 0.113990
0 0.835349 0.987694 0.065052 0.024611
0 0.695785 0.971963 0.136234 0.056073
0 0.687443 0.745169 0.086189 0.102926
0 0.608176 0.729420 0.094590 0.106508
0 0.048321 0.965013 0.096641 0.069973
0 0.121662 0.864691 0.150132 0.125112
0 0.333549 0.755181 0.086788 0.098446
0 0.395567 0.574216 0.091652 0.088846
0 0.290849 0.468298 0.104831 0.099674
0 0.261498 0.333756 0.096175 0.086374
0 0.168533 0.240285 0.082623 0.086788
0 0.021373 0.402093 0.042746 0.089596
0 0.006616 0.519211 0.013232 0.087646