0 0.963083 0.738990 0.073834 0.091969
0 0.684665 0.457350 0.097309 0.119550
0 0.527582 0.444841 0.111211 0.094528
0 0.458533 0.539888 0.088051 0.082367
0 0.435833 0.621384 0.100091 0.080628
0 0.552176 0.592617 0.076994 0.081606
0 0.629011 0.623328 0.097401 0.098988
0 0.691617 0.671431 0.094526 0.091747
0 0.960492 0.983161 0.047927 0.033678
0 0.731929 0.947620 0.113989 0.104759
0 0.512448 0.882806 0.086503 0.091900
0 0.278905 0.847798 0.097630 0.094560
0 0.365283 0.949010 0.085489 0.101980
0 0.051370 0.961788 0.079423 0.076424
0 0.489637 0.843912 0.049223 0.042746
0 0.579016 0.880181 0.051813 0.045337
0 0.663212 0.827720 0.020725 0.056995