0 0.713731 0.963083 0.085492 0.073834
0 0.388247 0.297368 0.114698 0.115108
0 0.550533 0.115026 0.066726 0.077202
0 0.621762 0.134715 0.072539 0.077720
0 0.710399 0.051775 0.063944 0.064690
0 0.759053 0.079466 0.083406 0.076030
0 0.823834 0.111533 0.077720 0.082633
0 0.941418 0.115285 0.074546 0.085492
0 0.277202 0.327073 0.095855 0.068653
0 0.266839 0.158031 0.093264 0.093264
0 0.152747 0.050116 0.067152 0.084687
0 0.099093 0.098629 0.060881 0.059952
0 0.201615 0.327391 0.086189 0.075066
0 0.173489 0.354275 0.064594 0.060881
0 0.139057 0.223131 0.105651 0.094528
0 0.011010 0.205336 0.022020 0.086737
0 0.064767 0.376295 0.077720 0.084197
0 0.031088 0.958549 0.062176 0.082902
0 0.145725 0.363342 0.045337 0.068653