0 0.174138 0.159706 0.089366 0.081334
0 0.233382 0.363544 0.073301 0.075309
0 0.124436 0.744603 0.072295 0.068278
0 0.238401 0.687369 0.089366 0.092378
0 0.281580 0.905763 0.087359 0.087359
0 0.925217 0.909781 0.103424 0.113466
0 0.613941 0.621097 0.117481 0.122503
0 0.691256 0.527212 0.091373 0.051209
0 0.917185 0.523197 0.103424 0.073300
0 0.497465 0.406219 0.113463 0.120494
0 0.861955 0.458431 0.071294 0.084347
0 0.942287 0.328900 0.083340 0.076313
0 0.999509 0.293256 0.000981 0.081334
0 0.841877 0.370572 0.077315 0.067275
0 0.820788 0.203388 0.067276 0.084347
0 0.783634 0.152678 0.081333 0.087359
0 0.975410 0.109503 0.049180 0.079325
0 0.490937 0.023372 0.062256 0.046744
0 0.614444 0.416759 0.110455 0.069284
0 0.484912 0.829953 0.084346 0.088362
0 0.419041 0.170337 0.079016 0.081606
0 0.360104 0.183938 0.051813 0.069948