0 0.961187 0.010087 0.077625 0.020173
0 0.887654 0.075778 0.125048 0.127891
0 0.949482 0.537300 0.101036 0.122331
0 0.759952 0.345060 0.119992 0.117581
0 0.613468 0.314881 0.128491 0.122331
0 0.479747 0.382997 0.112344 0.102869
0 0.551213 0.517838 0.108429 0.105650
0 0.619331 0.595684 0.100091 0.111209
0 0.706906 0.592906 0.113989 0.111209
0 0.799585 0.521730 0.112123 0.097865
0 0.961189 0.720797 0.077622 0.105650
0 0.890403 0.737957 0.097309 0.112169
0 0.800046 0.666581 0.116772 0.113991
0 0.713857 0.687434 0.105651 0.088969
0 0.654113 0.751384 0.114054 0.116758
0 0.705690 0.827683 0.117117 0.108734
0 0.396782 0.572201 0.105399 0.108133
0 0.469939 0.852859 0.101573 0.108431
0 0.566535 0.746762 0.061230 0.068653
0 0.301496 0.941825 0.109444 0.102869