0 0.256602 0.242876 0.095603 0.084197
0 0.399809 0.255509 0.087491 0.086625
0 0.312751 0.036798 0.109148 0.073596
0 0.638893 0.972956 0.108283 0.054087
0 0.600781 0.898700 0.090954 0.080562
0 0.802618 0.568659 0.104815 0.111747
0 0.574357 0.526212 0.098752 0.090956
0 0.751505 0.365522 0.099617 0.090091
0 0.777064 0.415331 0.086626 0.084025
0 0.677875 0.401472 0.087491 0.085759
0 0.968225 0.349066 0.063550 0.102219
0 0.894619 0.303109 0.097528 0.064767
0 0.757136 0.236441 0.103950 0.117791
0 0.633420 0.602332 0.067358 0.072539
0 0.672280 0.700777 0.036269 0.054404
0 0.887306 0.364637 0.049223 0.060881