0 0.977868 0.977525 0.044264 0.044950
0 0.814119 0.817358 0.053109 0.046632
0 0.857513 0.296632 0.119171 0.126943
0 0.640180 0.021563 0.108429 0.043126
0 0.533092 0.138838 0.094437 0.074655
0 0.403859 0.293350 0.108429 0.100087
0 0.400289 0.107530 0.093324 0.101003
0 0.283679 0.038212 0.088083 0.076424
0 0.131395 0.333549 0.091749 0.097150
0 0.088083 0.559588 0.095855 0.095859
0 0.110751 0.770823 0.081606 0.093068
0 0.088413 0.885997 0.088743 0.088056
0 0.660622 0.240933 0.064767 0.056995
0 0.610104 0.153497 0.056995 0.063472
0 0.564119 0.056995 0.071244 0.077720