0 0.712978 0.933333 0.139468 0.133334
0 0.811297 0.597263 0.129936 0.135134
0 0.376439 0.359478 0.129936 0.137734
0 0.248665 0.408419 0.106549 0.110881
0 0.008039 0.208316 0.016078 0.162856
0 0.327493 0.212216 0.130806 0.139466
0 0.374273 0.124722 0.123873 0.104816
0 0.194526 0.117794 0.124738 0.123875
0 0.810865 0.012768 0.120409 0.025536
0 0.762352 0.138584 0.090954 0.090956
0 0.694352 0.057587 0.114346 0.107416
0 0.823423 0.078378 0.105684 0.097019
0 0.644541 0.036158 0.099616 0.072316
0 0.924223 0.639249 0.104922 0.086788
0 0.903497 0.851684 0.086788 0.099741