0 0.147981 0.674038 0.076314 0.076313
0 0.235335 0.715709 0.076314 0.091375
0 0.200696 0.315569 0.097398 0.108444
0 0.367880 0.022731 0.092378 0.045462
0 0.427123 0.007670 0.090372 0.015340
0 0.518496 0.028254 0.096397 0.056508
0 0.513476 0.081612 0.092378 0.068278
0 0.433651 0.100691 0.097398 0.094388
0 0.343280 0.089644 0.057237 0.078322
0 0.418588 0.180016 0.069283 0.070287
0 0.487368 0.193569 0.088360 0.101416
0 0.595313 0.206122 0.101417 0.088362
0 0.539585 0.194072 0.040166 0.052212
0 0.535566 0.273397 0.058238 0.062256
0 0.439174 0.297997 0.062256 0.073300
0 0.638487 0.334147 0.065269 0.089366
0 0.667105 0.360253 0.082339 0.087359
0 0.479838 0.712697 0.075308 0.075309
0 0.643008 0.690103 0.074302 0.078322
0 0.748439 0.847247 0.020083 0.077316
0 0.963585 0.653956 0.072830 0.114469
0 0.991702 0.495806 0.016596 0.081334
0 0.921648 0.024740 0.105430 0.049480