0 0.527186 0.266192 0.124384 0.120466
0 0.408946 0.255181 0.128773 0.132124
0 0.114637 0.150315 0.104922 0.101148
0 0.416892 0.601456 0.142899 0.133875
0 0.330499 0.619819 0.091049 0.104922
0 0.545888 0.594294 0.099548 0.119550
0 0.659326 0.540155 0.093264 0.069948
0 0.664238 0.692358 0.118631 0.110104
0 0.839378 0.652202 0.062176 0.040155
0 0.565903 0.826425 0.096174 0.101036
0 0.518782 0.876943 0.086788 0.085492
0 0.439119 0.328368 0.072539 0.053109
0 0.018782 0.181995 0.037564 0.104922
0 0.452720 0.974093 0.079016 0.051813
0 0.338083 0.976684 0.098446 0.046632