0 0.865437 0.987682 0.134270 0.024636
0 0.838581 0.896534 0.132535 0.112612
0 0.909617 0.844994 0.101351 0.111747
0 0.974083 0.849756 0.051834 0.126472
0 0.569177 0.864916 0.135999 0.127337
0 0.470425 0.776559 0.149859 0.137734
0 0.521855 0.490697 0.100706 0.111747
0 0.619856 0.447539 0.112620 0.107513
0 0.953293 0.537475 0.093414 0.090956
0 0.896621 0.494594 0.130806 0.102219
0 0.689586 0.158491 0.129071 0.121275
0 0.574375 0.079228 0.134270 0.129072
0 0.491218 0.022073 0.113477 0.044145
0 0.881896 0.129037 0.101351 0.103950
0 0.709845 0.476036 0.080311 0.089378