0 0.386831 0.949999 0.107414 0.100002
0 0.583037 0.983784 0.087491 0.032432
0 0.877563 0.933541 0.142932 0.132917
0 0.636744 0.924256 0.141197 0.126472
0 0.288949 0.769628 0.128207 0.125606
0 0.038358 0.689934 0.076716 0.125606
0 0.745027 0.374184 0.120409 0.107416
0 0.848977 0.398006 0.108283 0.111747
0 0.457434 0.231253 0.134270 0.133403
0 0.356079 0.194006 0.099616 0.109147
0 0.718609 0.068400 0.109148 0.116078
0 0.924774 0.100884 0.114346 0.123875
0 0.759320 0.137266 0.121274 0.111747
0 0.960222 0.527944 0.079556 0.103084
0 0.948962 0.593002 0.102076 0.111923
0 0.961520 0.925988 0.076960 0.136869
0 0.839450 0.789988 0.120409 0.133403
0 0.123705 0.703368 0.084197 0.101036
0 0.365933 0.432642 0.091969 0.090674
0 0.409326 0.355570 0.072539 0.071244
0 0.606865 0.492876 0.104922 0.089378
0 0.572539 0.694948 0.098446 0.081606
0 0.586140 0.785622 0.073834 0.063472
0 0.734456 0.950130 0.082902 0.099740
0 0.329663 0.639249 0.076425 0.060881