0 0.965714 0.861878 0.068572 0.150134
0 0.941829 0.979593 0.054166 0.040814
0 0.961543 0.539369 0.076914 0.133453
0 0.891114 0.529983 0.097309 0.091055
0 0.819215 0.665869 0.141020 0.136231
0 0.779485 0.546632 0.096470 0.088083
0 0.659974 0.484347 0.107513 0.126725
0 0.640891 0.253886 0.136234 0.134715
0 0.569301 0.338116 0.086788 0.085559
0 0.517969 0.490460 0.135046 0.131180
0 0.542881 0.620010 0.129264 0.138983
0 0.435463 0.483161 0.091133 0.132124
0 0.428201 0.797931 0.155692 0.150134
0 0.483807 0.906362 0.139012 0.139012
0 0.191881 0.519906 0.122332 0.127891
0 0.125155 0.403138 0.122332 0.133453
0 0.032383 0.365081 0.064766 0.096262