0 0.981018 0.851766 0.037964 0.072297
0 0.909821 0.868834 0.094385 0.080328
0 0.937434 0.917534 0.073301 0.057234
0 0.896267 0.983620 0.107442 0.032759
0 0.802887 0.983117 0.071294 0.033766
0 0.735108 0.964039 0.076314 0.071922
0 0.636201 0.976591 0.105430 0.046818
0 0.733599 0.798547 0.065269 0.062256
0 0.697955 0.767419 0.072295 0.080328
0 0.561396 0.945650 0.086353 0.079325
0 0.553364 0.869337 0.060245 0.061250
0 0.474037 0.880384 0.070288 0.075309
0 0.550854 0.717216 0.043179 0.062256
0 0.474037 0.761897 0.096397 0.093381
0 0.517714 0.556556 0.099405 0.076313
0 0.398729 0.550531 0.094385 0.084347
0 0.384671 0.625841 0.066270 0.040166
0 0.281248 0.421000 0.086353 0.082338
0 0.262171 0.396400 0.080328 0.081334
0 0.062350 0.484762 0.062256 0.073300
0 0.020130 0.460663 0.040260 0.083341
0 0.007078 0.108722 0.014152 0.074303
0 0.392201 0.016205 0.097398 0.032409