0 0.029793 0.011010 0.059585 0.022020
0 0.454631 0.047280 0.095919 0.094560
0 0.367751 0.077881 0.100091 0.108431
0 0.159231 0.046585 0.111211 0.093170
0 0.264878 0.185881 0.127892 0.123057
0 0.270157 0.285009 0.089537 0.077847
0 0.273220 0.332272 0.083406 0.066725
0 0.559586 0.352979 0.105651 0.084197
0 0.953368 0.452720 0.093264 0.086788
0 0.642993 0.625591 0.116772 0.113991
0 0.160622 0.195676 0.091749 0.106379
0 0.057753 0.168553 0.108429 0.127262
0 0.108808 0.290803 0.101036 0.102332
0 0.367751 0.439313 0.105651 0.102869
0 0.420575 0.468506 0.072286 0.100087
0 0.525829 0.578655 0.100880 0.074409
0 0.358017 0.686756 0.091749 0.102869
0 0.255261 0.589447 0.108649 0.097309
0 0.262100 0.472675 0.122332 0.119550
0 0.223446 0.690925 0.107513 0.127891
0 0.263491 0.951111 0.130669 0.097778
0 0.281563 0.998376 0.116772 0.003248
0 0.105017 0.945552 0.136234 0.108896
0 0.708327 0.835497 0.119549 0.127891
0 0.606850 0.893884 0.122332 0.127891
0 0.821245 0.603046 0.067355 0.063338