0 0.906982 0.825503 0.106549 0.107416
0 0.113495 0.955631 0.089225 0.088737
0 0.045271 0.987681 0.090542 0.024637
0 0.207054 0.683003 0.115211 0.129072
0 0.176301 0.717653 0.102216 0.110013
0 0.127788 0.733247 0.095288 0.092688
0 0.588274 0.433091 0.108426 0.107416
0 0.207054 0.515384 0.134270 0.116078
0 0.070185 0.443053 0.106549 0.094422
0 0.286314 0.288859 0.110882 0.106550
0 0.170671 0.290594 0.101351 0.082294
0 0.439205 0.056272 0.103085 0.097019
0 0.400224 0.029002 0.099617 0.058004
0 0.286747 0.025103 0.127337 0.050206