0 0.863288 0.412914 0.097258 0.105621
0 0.724302 0.332272 0.130669 0.116772
0 0.612694 0.028497 0.098446 0.056994
0 0.873057 0.686453 0.095855 0.103476
0 0.844411 0.792591 0.065064 0.075439
0 0.810485 0.760431 0.086189 0.105650
0 0.722443 0.711365 0.099156 0.109258
0 0.669689 0.987256 0.072539 0.025487
0 0.484653 0.966969 0.085098 0.066062
0 0.444301 0.537456 0.090674 0.095638
0 0.442104 0.222453 0.094526 0.097309
0 0.268340 0.485187 0.119549 0.116772
0 0.347578 0.588056 0.116771 0.111209
0 0.282238 0.667294 0.108429 0.091747
0 0.156736 0.749324 0.103627 0.094502
0 0.066772 0.496762 0.088966 0.112694
0 0.277850 0.359456 0.115285 0.125648
0 0.376943 0.374352 0.103627 0.098446
0 0.516192 0.753886 0.060881 0.080311
0 0.490933 0.897668 0.093264 0.090674