0 0.374462 0.097453 0.080328 0.077316
0 0.296639 0.251584 0.067276 0.074303
0 0.213802 0.276184 0.080328 0.075309
0 0.380985 0.502109 0.079327 0.079325
0 0.312206 0.591475 0.080328 0.079325
0 0.267523 0.600513 0.037154 0.069284
0 0.229368 0.715484 0.049200 0.050206
0 0.109875 0.854553 0.039160 0.075309
0 0.397055 0.927853 0.077315 0.097400
0 0.334295 0.946931 0.090372 0.087359
0 0.632515 0.665781 0.098404 0.095391
0 0.513027 0.678834 0.088360 0.087359
0 0.457802 0.592481 0.084346 0.107441
0 0.519053 0.508638 0.048198 0.036147
0 0.534614 0.442869 0.117481 0.115472
0 0.763556 0.255600 0.073301 0.108444
0 0.684732 0.291247 0.112462 0.111456
0 0.891076 0.354506 0.083340 0.067275
0 0.977921 0.420778 0.044158 0.099406
0 0.922707 0.541772 0.056231 0.082338