0 0.680461 0.924434 0.080628 0.086188
0 0.753427 0.893850 0.070867 0.080628
0 0.806347 0.601036 0.068653 0.075130
0 0.859785 0.453181 0.072286 0.072287
0 0.872297 0.369772 0.080628 0.072288
0 0.920951 0.319728 0.077846 0.083406
0 0.948407 0.085035 0.072980 0.069033
0 0.637273 0.050345 0.072474 0.072886
0 0.420416 0.137638 0.094718 0.086158
0 0.366295 0.383675 0.075068 0.077847
0 0.307906 0.415803 0.069508 0.067358
0 0.069550 0.297580 0.084696 0.083597
0 0.481218 0.580311 0.073834 0.072539
0 0.608175 0.746497 0.097309 0.080628
0 0.530329 0.779859 0.086189 0.080628
0 0.214378 0.618255 0.084197 0.074370
0 0.024613 0.712310 0.049220 0.087833
0 0.219747 0.990285 0.084571 0.019430
0 0.911917 0.544689 0.067358 0.076425