0 0.303070 0.688653 0.111476 0.123875
0 0.291512 0.277616 0.124738 0.114344
0 0.515002 0.220009 0.109148 0.116944
0 0.752405 0.979275 0.088455 0.041450
0 0.869735 0.731097 0.127337 0.123875
0 0.728970 0.614153 0.091824 0.094422
0 0.976664 0.657034 0.046671 0.119544
0 0.827721 0.395859 0.095288 0.108281
0 0.728100 0.041787 0.123008 0.083574
0 0.827721 0.033559 0.077964 0.067117
0 0.516192 0.121762 0.094560 0.101036
0 0.647668 0.094560 0.103627 0.108808
0 0.702073 0.516192 0.101036 0.110104
0 0.536917 0.693653 0.107513 0.091969
0 0.833549 0.083549 0.071244 0.058290
0 0.428756 0.255181 0.077720 0.085492
0 0.632124 0.774611 0.088083 0.098446
0 0.959845 0.972798 0.080310 0.054404
0 0.878886 0.526554 0.123057 0.084197