0 0.037923 0.944802 0.075846 0.110396
0 0.318399 0.856687 0.102216 0.093556
0 0.352183 0.769628 0.090090 0.090956
0 0.352183 0.832000 0.081428 0.070166
0 0.803932 0.816406 0.099617 0.103084
0 0.968452 0.786953 0.063095 0.110013
0 0.981446 0.666547 0.037108 0.116944
0 0.942531 0.697731 0.094423 0.096153
0 0.900517 0.622800 0.110882 0.109147
0 0.885360 0.752303 0.108283 0.111747
0 0.827320 0.723719 0.099617 0.125606
0 0.544055 0.661347 0.087491 0.068434
0 0.477358 0.620634 0.073630 0.066700
0 0.292845 0.575588 0.118675 0.118675
0 0.541461 0.491128 0.068432 0.086625
0 0.605127 0.563463 0.093553 0.077097
0 0.610325 0.493728 0.083162 0.107416
0 0.710811 0.447816 0.110882 0.098753
0 0.872364 0.404938 0.111747 0.113478
0 0.955892 0.423563 0.088216 0.116078
0 0.394196 0.193572 0.104815 0.101350
0 0.501610 0.088756 0.080563 0.089225
0 0.554019 0.012977 0.098752 0.025953
0 0.502042 0.221294 0.095288 0.090956
0 0.671830 0.212631 0.114346 0.101350
0 0.874964 0.175816 0.097887 0.097019
0 0.904418 0.308350 0.092689 0.086625
0 0.850279 0.071431 0.116076 0.118675
0 0.937337 0.098719 0.106549 0.086625
0 0.698187 0.696244 0.075130 0.089378
0 0.459197 0.891839 0.156736 0.058290
0 0.783031 0.899611 0.097150 0.086788