0 0.022323 0.234541 0.044645 0.104831
0 0.140137 0.313944 0.097567 0.099641
0 0.063847 0.422406 0.061236 0.063312
0 0.786768 0.047716 0.070580 0.092375
0 0.985759 0.252706 0.028482 0.093413
0 0.942456 0.409953 0.101717 0.086147
0 0.668963 0.150469 0.055009 0.125591
0 0.627443 0.154622 0.096529 0.125591
0 0.570357 0.209112 0.108984 0.124553
0 0.591634 0.286437 0.114172 0.113134
0 0.676746 0.284881 0.049820 0.097566
0 0.737982 0.293184 0.126627 0.128703
0 0.608760 0.419294 0.096529 0.104831
0 0.331634 0.414103 0.113134 0.100678