0 0.962935 0.155149 0.074130 0.080894
0 0.726036 0.035109 0.068653 0.070217
0 0.713177 0.104972 0.091749 0.069506
0 0.688811 0.144312 0.084875 0.087024
0 0.543582 0.022598 0.075068 0.045195
0 0.483807 0.032330 0.105651 0.064659
0 0.436867 0.218264 0.095178 0.097150
0 0.339378 0.240689 0.090674 0.092778
0 0.359999 0.387953 0.108599 0.102332
0 0.576947 0.631012 0.075068 0.092899
0 0.826132 0.610104 0.077135 0.072539
0 0.519950 0.605416 0.083406 0.091747
0 0.462958 0.642950 0.075068 0.088969
0 0.371209 0.597075 0.069508 0.097309
0 0.275907 0.890544 0.075130 0.073834
0 0.217482 0.882861 0.087814 0.081784