0 0.474723 0.959529 0.103085 0.080942
0 0.548353 0.994613 0.066702 0.010774
0 0.507642 0.873578 0.101351 0.094422
0 0.570443 0.770928 0.081428 0.081428
0 0.460863 0.689934 0.101351 0.104816
0 0.630213 0.674775 0.102216 0.083159
0 0.578241 0.600709 0.095288 0.089225
0 0.653173 0.602875 0.090954 0.100484
0 0.854572 0.563463 0.109148 0.106550
0 0.749325 0.744075 0.089225 0.086625
0 0.847645 0.799947 0.102216 0.099619
0 0.783541 0.807744 0.074500 0.090956
0 0.915212 0.848025 0.098752 0.098753
0 0.580407 0.325244 0.101351 0.099619
0 0.810397 0.345600 0.105684 0.091822
0 0.669041 0.213063 0.089378 0.090091
0 0.731564 0.123841 0.100486 0.097019
0 0.964104 0.050209 0.071792 0.098753
0 0.902202 0.435233 0.112694 0.132124
0 0.654793 0.349093 0.086788 0.081606
0 0.781736 0.953368 0.084197 0.093264