0 0.932225 0.841059 0.065602 0.066725
0 0.855183 0.821891 0.061655 0.058290
0 0.987245 0.629534 0.025510 0.062176
0 0.962223 0.503259 0.075554 0.091747
0 0.725658 0.523572 0.102869 0.106729
0 0.678390 0.608909 0.108429 0.108431
0 0.374296 0.646441 0.106330 0.111209
0 0.517137 0.389269 0.119549 0.119550
0 0.347543 0.556995 0.113989 0.103627
0 0.293328 0.667294 0.094526 0.080628
0 0.426780 0.893422 0.105651 0.099166
0 0.123174 0.511440 0.087848 0.103191
0 0.047965 0.119584 0.095930 0.091747
0 0.289159 0.087612 0.102869 0.083406
0 0.987694 0.243523 0.024611 0.062176