0 0.647096 0.090682 0.125109 0.124336
0 0.476110 0.050669 0.088966 0.078022
0 0.502524 0.145284 0.141794 0.133453
0 0.275796 0.270340 0.083124 0.088854
0 0.491074 0.472096 0.118889 0.097042
0 0.424678 0.645072 0.136234 0.132135
0 0.558290 0.606829 0.075130 0.094486
0 0.457758 0.797117 0.159040 0.141518
0 0.313184 0.613342 0.130109 0.141192
0 0.291226 0.667851 0.119549 0.133209
0 0.182797 0.697391 0.141794 0.131125
0 0.768593 0.968264 0.123436 0.063472
0 0.549787 0.975778 0.119549 0.048444
0 0.237047 0.214378 0.080311 0.112694
0 0.165803 0.224741 0.062176 0.071244
0 0.193005 0.402850 0.062176 0.093264
0 0.141839 0.363990 0.091969 0.093264
0 0.311528 0.886010 0.055699 0.067358