0 0.930685 0.510793 0.102869 0.104487
0 0.770739 0.553490 0.077692 0.097683
0 0.699924 0.540426 0.119549 0.111941
0 0.600389 0.574864 0.130829 0.140428
0 0.838936 0.119584 0.113989 0.091747
0 0.545618 0.143216 0.127892 0.122331
0 0.660999 0.036917 0.097309 0.055699
0 0.443653 0.034326 0.115285 0.068652
0 0.037565 0.053756 0.075130 0.094560
0 0.543299 0.736733 0.123247 0.124979
0 0.483061 0.974744 0.147354 0.050512
0 0.334845 0.910566 0.107513 0.111209
0 0.324587 0.786844 0.136234 0.097309
0 0.257772 0.574156 0.069948 0.083406
0 0.026757 0.652188 0.053514 0.099714
0 0.089676 0.832304 0.066763 0.104821
0 0.129969 0.966403 0.125109 0.067194
0 0.449482 0.147021 0.129534 0.133420
0 0.218912 0.144430 0.067358 0.081606
0 0.304404 0.275907 0.062176 0.080311
0 0.180699 0.874352 0.104922 0.090674
0 0.425518 0.898316 0.071244 0.063472