0 0.626317 0.609806 0.118675 0.097019
0 0.204273 0.527944 0.088863 0.106550
0 0.133851 0.514234 0.114346 0.085463
0 0.227842 0.801592 0.101351 0.077276
0 0.287611 0.203969 0.104815 0.094422
0 0.503741 0.397253 0.121274 0.082071
0 0.413521 0.446350 0.114607 0.099954
0 0.771415 0.037666 0.114346 0.075331
0 0.700380 0.059738 0.100486 0.083159
0 0.632812 0.126006 0.112612 0.089225
0 0.834217 0.102616 0.092689 0.101350
0 0.727332 0.112047 0.081606 0.055699
0 0.797280 0.786917 0.094560 0.071244
0 0.281736 0.831606 0.066062 0.080311
0 0.961140 0.065415 0.077720 0.079016