0 0.741580 0.840376 0.089378 0.087488
0 0.632908 0.831294 0.081334 0.083406
0 0.613342 0.711140 0.068653 0.064767
0 0.693719 0.653359 0.086189 0.100087
0 0.738342 0.610751 0.067358 0.086788
0 0.794689 0.604703 0.055699 0.080628
0 0.896824 0.465674 0.058684 0.060881
0 0.853447 0.483808 0.066997 0.076425
0 0.736249 0.120878 0.076724 0.086316
0 0.498705 0.387844 0.093264 0.086187
0 0.363998 0.392282 0.082886 0.077311
0 0.433076 0.523965 0.082035 0.091971
0 0.492150 0.624166 0.077846 0.086187
0 0.499352 0.713449 0.071244 0.075693
0 0.442104 0.663091 0.088966 0.091747
0 0.355916 0.524078 0.083406 0.080628
0 0.171032 0.404525 0.091749 0.086187
0 0.076541 0.440415 0.080543 0.095855
0 0.414304 0.753082 0.077846 0.071557
0 0.460176 0.811831 0.086189 0.094528
0 0.346398 0.784185 0.092178 0.094842
0 0.321244 0.856693 0.085492 0.089722
0 0.148054 0.697240 0.084722 0.082204
0 0.029793 0.755181 0.059585 0.077720