0 0.042030 0.950659 0.084060 0.098682
0 0.133869 0.905638 0.130806 0.157636
0 0.241287 0.895688 0.120409 0.130803
0 0.287197 0.818156 0.134270 0.121275
0 0.049826 0.652703 0.099652 0.152459
0 0.211400 0.465159 0.131670 0.144663
0 0.508957 0.911713 0.132535 0.126472
0 0.390714 0.953257 0.117810 0.093486
0 0.618537 0.877928 0.126472 0.109147
0 0.712528 0.853672 0.123873 0.117809
0 0.350868 0.171934 0.121274 0.114344
0 0.652321 0.021430 0.128207 0.042860
0 0.547074 0.023597 0.118675 0.047194
0 0.439655 0.013634 0.130806 0.027268