0 0.011426 0.515575 0.022851 0.088225
0 0.668963 0.026071 0.059164 0.052142
0 0.628998 0.036970 0.076807 0.073939
0 0.646125 0.127909 0.077846 0.089263
0 0.607722 0.157491 0.084074 0.090300
0 0.652875 0.283600 0.078885 0.091338
0 0.822056 0.211463 0.087185 0.071616
0 0.917546 0.215097 0.101717 0.083034
0 0.935189 0.287750 0.068503 0.083034
0 0.814273 0.333938 0.090301 0.065391
0 0.936228 0.496375 0.078885 0.095491
0 0.736943 0.564878 0.085112 0.087188
0 0.705289 0.646356 0.111056 0.117288
0 0.698023 0.747034 0.106906 0.108981
0 0.753553 0.791666 0.095490 0.113134
0 0.518981 0.806197 0.095490 0.094453
0 0.290636 0.490147 0.076807 0.078881
0 0.309836 0.779728 0.090301 0.089263
0 0.754592 0.888194 0.105867 0.086147
0 0.761853 0.937494 0.101717 0.074731
0 0.587483 0.951102 0.110022 0.097795