0 0.015992 0.042416 0.031984 0.084831
0 0.072297 0.767381 0.091749 0.069506
0 0.063539 0.701425 0.085358 0.073834
0 0.035455 0.639867 0.070910 0.085433
0 0.032673 0.379538 0.065345 0.088969
0 0.239547 0.462627 0.085312 0.072923
0 0.272818 0.511658 0.081307 0.077720
0 0.445596 0.429404 0.088083 0.081606
0 0.496284 0.646441 0.100091 0.105650
0 0.425382 0.701712 0.052837 0.056273
0 0.438936 0.764896 0.091039 0.076425
0 0.564401 0.765991 0.097309 0.100087
0 0.806543 0.759041 0.107905 0.097309
0 0.814119 0.567358 0.089378 0.095855
0 0.976122 0.540791 0.047755 0.094528
0 0.971953 0.978915 0.056093 0.042170
0 0.971952 0.009053 0.056096 0.018106
0 0.891079 0.016839 0.083406 0.033678
0 0.802461 0.071891 0.097150 0.086788
0 0.425604 0.131477 0.086615 0.097150
0 0.728627 0.970855 0.102332 0.058290
0 0.681995 0.922927 0.084197 0.094560
0 0.802461 0.706606 0.050518 0.040155