0 0.429696 0.657884 0.123008 0.120409
0 0.140369 0.530109 0.121274 0.093556
0 0.266409 0.490697 0.115211 0.113478
0 0.460881 0.467741 0.123008 0.110881
0 0.265539 0.333906 0.141197 0.129072
0 0.455250 0.155456 0.094423 0.070166
0 0.702132 0.803847 0.104815 0.100484
0 0.720758 0.708559 0.110882 0.112612
0 0.692168 0.591616 0.123008 0.110881
0 0.621569 0.411000 0.115211 0.089225
0 0.834235 0.194006 0.102216 0.090091
0 0.690870 0.044162 0.122144 0.088324
0 0.371114 0.415155 0.055699 0.071244
0 0.349741 0.920337 0.072539 0.081606
0 0.070596 0.582902 0.099741 0.098446
0 0.376295 0.729922 0.060881 0.068653
0 0.426813 0.595207 0.094560 0.071244