0 0.986399 0.879981 0.027202 0.094528
0 0.759729 0.747949 0.102869 0.097366
0 0.921095 0.704016 0.069727 0.076425
0 0.731928 0.586666 0.091749 0.102869
0 0.769573 0.391052 0.083187 0.082622
0 0.725609 0.242989 0.090234 0.089604
0 0.823677 0.113343 0.075068 0.076427
0 0.576236 0.028514 0.091749 0.057028
0 0.450697 0.333945 0.051973 0.075634
0 0.556125 0.620975 0.070800 0.078738
0 0.225922 0.866081 0.102869 0.105650
0 0.267625 0.898053 0.102869 0.091747
0 0.308053 0.946215 0.072064 0.071300
0 0.193952 0.643663 0.105651 0.094528
0 0.093879 0.372409 0.094495 0.091969
0 0.121003 0.094562 0.073613 0.086187
0 0.309333 0.025907 0.086189 0.051813