0 0.939113 0.127907 0.095842 0.066695
0 0.925866 0.223809 0.105651 0.097309
0 0.770174 0.286366 0.094526 0.077847
0 0.871651 0.369993 0.091749 0.083848
0 0.595019 0.038925 0.088966 0.066725
0 0.596890 0.154983 0.070469 0.070863
0 0.465736 0.052825 0.075068 0.072288
0 0.583369 0.440431 0.076786 0.069981
0 0.697887 0.578291 0.100091 0.083406
0 0.709845 0.643720 0.075130 0.075253
0 0.588083 0.519447 0.085492 0.088048
0 0.156459 0.915379 0.087529 0.082052
0 0.274611 0.933938 0.069948 0.075130
0 0.520725 0.195596 0.067358 0.075130