0 0.783577 0.813375 0.109148 0.102219
0 0.320596 0.893305 0.115285 0.120806
0 0.249666 0.549937 0.127610 0.118008
0 0.726838 0.610241 0.161990 0.139466
0 0.800901 0.716356 0.112612 0.119544
0 0.890991 0.473803 0.128207 0.121275
0 0.797869 0.488097 0.134270 0.129072
0 0.631983 0.419662 0.110882 0.125606
0 0.619420 0.357728 0.118675 0.107416
0 0.743293 0.275124 0.120409 0.130559
0 0.890126 0.261141 0.117810 0.110013
0 0.966718 0.357765 0.066564 0.090168
0 0.867171 0.158922 0.111747 0.113478
0 0.816136 0.077902 0.096002 0.098809
0 0.856865 0.553756 0.084197 0.055699
0 0.880181 0.626943 0.089378 0.090674
0 0.926813 0.172927 0.045337 0.076425
0 0.916451 0.354275 0.076425 0.071244