0 0.789634 0.234541 0.110022 0.104831
0 0.692588 0.237137 0.086146 0.087188
0 0.543690 0.299093 0.060288 0.087823
0 0.239532 0.230391 0.078885 0.071616
0 0.141969 0.322766 0.056048 0.073694
0 0.111349 0.367916 0.067464 0.074731
0 0.940137 0.313944 0.097567 0.099641
0 0.863847 0.422406 0.061236 0.063312
0 0.723209 0.487797 0.072657 0.079922
0 0.468915 0.436937 0.089262 0.096528
0 0.111866 0.519453 0.099640 0.103794
0 0.225521 0.705244 0.090301 0.091338
0 0.170512 0.888437 0.088224 0.094453
0 0.090072 0.940853 0.095490 0.099641
0 0.580959 0.268782 0.034974 0.022021