0 0.964324 0.038245 0.071352 0.076490
0 0.976036 0.228928 0.047927 0.099138
0 0.824388 0.407341 0.108429 0.100087
0 0.724302 0.393438 0.119549 0.122331
0 0.786854 0.512991 0.088966 0.094528
0 0.713177 0.525500 0.086189 0.108431
0 0.296291 0.442090 0.119854 0.125113
0 0.187120 0.437368 0.115173 0.123440
0 0.097299 0.745141 0.116878 0.119550
0 0.019484 0.688126 0.038968 0.105612
0 0.935599 0.977524 0.097309 0.044952
0 0.871651 0.966404 0.069508 0.067192
0 0.500488 0.722897 0.133452 0.130672
0 0.399010 0.690925 0.108429 0.127891
0 0.061528 0.931995 0.060881 0.102332