0 0.170124 0.556556 0.091373 0.110453
0 0.131965 0.646928 0.093384 0.092378
0 0.180164 0.747841 0.057237 0.087359
0 0.080256 0.768925 0.052212 0.075309
0 0.174138 0.959520 0.089366 0.080960
0 0.044144 0.023735 0.088288 0.047470
0 0.820788 0.980607 0.067276 0.038786
0 0.783634 0.952678 0.081333 0.087359
0 0.975410 0.909503 0.049180 0.079325
0 0.789157 0.659478 0.082339 0.085350
0 0.732931 0.713700 0.074302 0.069284
0 0.752511 0.753363 0.083340 0.040166
0 0.490937 0.810094 0.062256 0.073300
0 0.506499 0.633872 0.047193 0.086353
0 0.467338 0.627850 0.073301 0.086353