0 0.409215 0.991580 0.105994 0.016839
0 0.505306 0.931871 0.108429 0.104674
0 0.425974 0.876407 0.105833 0.112471
0 0.179387 0.867228 0.112729 0.112694
0 0.623861 0.700005 0.110417 0.115535
0 0.702844 0.572731 0.125399 0.122331
0 0.770725 0.470081 0.108808 0.111650
0 0.961867 0.183497 0.076266 0.100087
0 0.570248 0.107735 0.111998 0.101480
0 0.630181 0.167382 0.107513 0.090106
0 0.399042 0.173671 0.137461 0.114181
0 0.382739 0.269431 0.125581 0.082900
0 0.545351 0.384227 0.082872 0.076744
0 0.585930 0.549870 0.130669 0.089378
0 0.444962 0.568323 0.110076 0.097786
0 0.745466 0.751943 0.094560 0.110104
0 0.568653 0.726036 0.067358 0.060881
0 0.898964 0.072539 0.111399 0.069948
0 0.774611 0.014896 0.095855 0.029792