0 0.089572 0.173488 0.094385 0.101416
0 0.153835 0.278419 0.080328 0.062256
0 0.131243 0.395397 0.125513 0.135556
0 0.257259 0.537478 0.058238 0.048197
0 0.135759 0.709684 0.110455 0.109447
0 0.031229 0.854275 0.062458 0.101416
0 0.262781 0.770431 0.089366 0.094387
0 0.251233 0.826159 0.082339 0.055225
0 0.162869 0.876869 0.080328 0.082338
0 0.573332 0.986399 0.083906 0.027202
0 0.379760 0.754869 0.102418 0.101416
0 0.974546 0.913519 0.050908 0.123506
0 0.532886 0.633872 0.069283 0.058237
0 0.491718 0.606763 0.085347 0.086353
0 0.307464 0.654456 0.064263 0.051209
0 0.244202 0.629353 0.066270 0.067275
0 0.552969 0.455141 0.079327 0.058237
0 0.473642 0.444097 0.077315 0.086353
0 0.424443 0.180016 0.097398 0.092378
0 0.382124 0.091969 0.062176 0.082902