0 0.023316 0.447681 0.046632 0.089094
0 0.018135 0.056426 0.036269 0.081764
0 0.176166 0.607513 0.085492 0.080311
0 0.329471 0.795150 0.100091 0.088969
0 0.401757 0.799652 0.077846 0.092406
0 0.724266 0.836856 0.077846 0.083406
0 0.677357 0.865035 0.082694 0.073039
0 0.965026 0.264249 0.069948 0.082902
0 0.689980 0.145962 0.075999 0.097309
0 0.636687 0.084971 0.091749 0.086535
0 0.576912 0.075066 0.077846 0.072288
0 0.540769 0.018072 0.072286 0.036144
0 0.422611 0.197397 0.097309 0.094528
0 0.506017 0.269684 0.091749 0.094528
0 0.573209 0.355872 0.081561 0.077847
0 0.421220 0.455154 0.072286 0.068339
0 0.468483 0.519906 0.061166 0.061166