0 0.457434 0.982276 0.134270 0.035448
0 0.356079 0.969716 0.099616 0.060567
0 0.718609 0.868400 0.109148 0.116078
0 0.924774 0.900884 0.114346 0.123875
0 0.759320 0.937266 0.121274 0.111747
0 0.529330 0.656169 0.096153 0.107416
0 0.725104 0.638844 0.110013 0.109147
0 0.728136 0.736728 0.107414 0.112612
0 0.812162 0.765316 0.086626 0.081428
0 0.893590 0.631913 0.114346 0.116078
0 0.744163 0.479884 0.097887 0.103084
0 0.686987 0.474688 0.099616 0.101350
0 0.546222 0.466891 0.126472 0.113478
0 0.320566 0.447834 0.113477 0.106550
0 0.048321 0.451300 0.096641 0.099619
0 0.088842 0.479453 0.083162 0.088356
0 0.255598 0.343450 0.129071 0.128206
0 0.186729 0.278050 0.123008 0.099619
0 0.506808 0.278481 0.129071 0.119544
0 0.625050 0.261591 0.110882 0.122141
0 0.677028 0.047852 0.102216 0.095703
0 0.726036 0.195596 0.099741 0.101036
0 0.423575 0.220207 0.085492 0.095855
0 0.250648 0.148964 0.060881 0.072539