0 0.695674 0.978210 0.070580 0.043580
0 0.664536 0.956422 0.078885 0.047744
0 0.560225 0.943441 0.117284 0.113118
0 0.239501 0.885844 0.113134 0.110022
0 0.117024 0.867678 0.090301 0.088225
0 0.249362 0.620131 0.093413 0.056047
0 0.215113 0.691231 0.101717 0.102756
0 0.250401 0.451469 0.089262 0.092375
0 0.453835 0.248034 0.066430 0.079922
0 0.191759 0.195100 0.088224 0.102756
0 0.135711 0.197175 0.019721 0.050859
0 0.029712 0.263084 0.059423 0.105869
0 0.161655 0.007510 0.086146 0.015020
0 0.113913 0.042799 0.075769 0.085598
0 0.263373 0.068472 0.063314 0.065391
0 0.672837 0.023597 0.105867 0.047194
0 0.808286 0.085600 0.106906 0.089263
0 0.584613 0.189391 0.058125 0.053972
0 0.390000 0.019446 0.075769 0.038892
0 0.973945 0.173822 0.052110 0.091338