0 0.030869 0.885600 0.061738 0.089263
0 0.701108 0.136731 0.058125 0.057087
0 0.621185 0.124797 0.031138 0.037366
0 0.939309 0.245197 0.067464 0.062275
0 0.610807 0.197969 0.056047 0.030100
0 0.583820 0.197450 0.024910 0.022834
0 0.578631 0.530106 0.105867 0.106906
0 0.668410 0.553459 0.077846 0.095491
0 0.785699 0.625597 0.094451 0.086147
0 0.341464 0.634937 0.071619 0.079922
0 0.300983 0.668153 0.073691 0.073694
0 0.261541 0.709669 0.086146 0.075769
0 0.685020 0.711744 0.129744 0.108981
0 0.661666 0.776097 0.122477 0.113134
0 0.558910 0.848753 0.128705 0.129741
0 0.663738 0.866397 0.072657 0.090300
0 0.751445 0.862244 0.117284 0.129741
0 0.730168 0.971860 0.101717 0.056280
0 0.204976 0.964077 0.114172 0.071846
0 0.788860 0.951425 0.098446 0.097150