0 0.233161 0.974741 0.051813 0.050518
0 0.019075 0.813375 0.038150 0.102219
0 0.028604 0.716356 0.057207 0.119544
0 0.096329 0.479008 0.117529 0.110865
0 0.090126 0.261141 0.117810 0.110013
0 0.204035 0.380681 0.141197 0.136000
0 0.332674 0.419231 0.107414 0.102219
0 0.366458 0.310950 0.121274 0.116078
0 0.067171 0.158922 0.111747 0.113478
0 0.018782 0.075959 0.037564 0.102695
0 0.689569 0.760534 0.114346 0.105681
0 0.446156 0.681706 0.091824 0.097019
0 0.468678 0.508888 0.105684 0.111747
0 0.476038 0.586850 0.099617 0.058038
0 0.347836 0.482466 0.106549 0.077962
0 0.011658 0.609456 0.023316 0.071244
0 0.056347 0.545984 0.097150 0.068653
0 0.077720 0.624352 0.106218 0.088083
0 0.108808 0.358161 0.067358 0.066062
0 0.979275 0.803756 0.041450 0.050518
0 0.983161 0.870466 0.033678 0.051813
0 0.174870 0.542746 0.062176 0.080311