0 0.726401 0.964086 0.090090 0.071828
0 0.797005 0.972315 0.097887 0.055370
0 0.580438 0.713341 0.104815 0.116078
0 0.658402 0.550484 0.101351 0.084894
0 0.346120 0.663097 0.093553 0.095287
0 0.698248 0.470356 0.099616 0.085759
0 0.650604 0.382866 0.094423 0.087491
0 0.610325 0.444803 0.088355 0.079694
0 0.474759 0.313566 0.134270 0.141200
0 0.571344 0.329159 0.117810 0.104816
0 0.682658 0.207450 0.101351 0.097019
0 0.414119 0.050884 0.097887 0.101767
0 0.342656 0.027495 0.093553 0.054989
0 0.423575 0.224741 0.077720 0.099741
0 0.737047 0.200777 0.051813 0.062176
0 0.926813 0.026554 0.050518 0.053108
0 0.526554 0.569948 0.079016 0.051813