0 0.193997 0.934557 0.124508 0.130886
0 0.173416 0.705444 0.065269 0.072297
0 0.053923 0.813384 0.089366 0.097400
0 0.000103 0.835978 0.000206 0.070287
0 0.029221 0.906769 0.058442 0.075309
0 0.033739 0.964003 0.067478 0.071291
0 0.251233 0.561856 0.092378 0.084347
0 0.237176 0.320366 0.094385 0.101416
0 0.038760 0.323881 0.077519 0.116478
0 0.017174 0.456422 0.034347 0.082338
0 0.001107 0.516669 0.002213 0.068278
0 0.066374 0.190334 0.132748 0.132544
0 0.019681 0.132597 0.039362 0.119491
0 0.034974 0.008420 0.069948 0.016839
0 0.027715 0.037430 0.055429 0.074859
0 0.846672 0.037430 0.068282 0.074860
0 0.781906 0.094944 0.087359 0.098403
0 0.678985 0.269156 0.088360 0.099406