0 0.965713 0.086188 0.068574 0.100087
0 0.953204 0.293316 0.093592 0.108431
0 0.893896 0.265512 0.097309 0.102869
0 0.817437 0.704350 0.105651 0.092638
0 0.771565 0.810444 0.102869 0.102869
0 0.831339 0.779859 0.066726 0.075066
0 0.834117 0.910622 0.100091 0.090674
0 0.707546 0.878098 0.069363 0.054684
0 0.653402 0.944840 0.116771 0.110320
0 0.584915 0.796034 0.086928 0.107414
0 0.675647 0.763240 0.116772 0.086066
0 0.505568 0.789591 0.112171 0.111209
0 0.173575 0.734456 0.090674 0.088083
0 0.155738 0.972642 0.077846 0.054716