0 0.832001 0.170984 0.102837 0.111399
0 0.727760 0.184209 0.111211 0.155694
0 0.882836 0.655641 0.118003 0.124753
0 0.560500 0.719902 0.128772 0.118559
0 0.280440 0.374656 0.112694 0.119550
0 0.254534 0.291903 0.110104 0.107122
0 0.225922 0.107750 0.097309 0.086188
0 0.637402 0.246762 0.125109 0.125112
0 0.149642 0.041451 0.089317 0.082902
0 0.326597 0.747120 0.092921 0.103048
0 0.231218 0.766944 0.089378 0.103417
0 0.354275 0.959845 0.089378 0.080310
0 0.838083 0.042098 0.085492 0.084196
0 0.614637 0.669689 0.084197 0.121762