0 0.787534 0.988645 0.086189 0.022709
0 0.676323 0.930028 0.108429 0.105650
0 0.566503 0.914734 0.116772 0.108431
0 0.537311 0.821597 0.086189 0.094528
0 0.363547 0.960843 0.055606 0.078314
0 0.300990 0.956672 0.102869 0.086656
0 0.206606 0.981218 0.063472 0.037564
0 0.143783 0.071243 0.082902 0.101036
0 0.632124 0.032383 0.103627 0.064766
0 0.791451 0.019430 0.088083 0.038860
0 0.038590 0.362729 0.077180 0.111468
0 0.020519 0.470335 0.041038 0.098191
0 0.083704 0.639249 0.102022 0.081606
0 0.099060 0.792955 0.084130 0.092847
0 0.273185 0.760431 0.130669 0.111209
0 0.809775 0.884153 0.097309 0.119550
0 0.865380 0.911956 0.108429 0.091747
0 0.912013 0.838607 0.090482 0.089626
0 0.933290 0.719056 0.102332 0.100747
0 0.909866 0.647831 0.113989 0.108431
0 0.961189 0.538013 0.077622 0.105650
0 0.940449 0.463083 0.113989 0.107513
0 0.864402 0.493523 0.099270 0.098446
0 0.692358 0.790803 0.115285 0.133420
0 0.229922 0.812824 0.086788 0.102332