0 0.637732 0.026554 0.092412 0.053108
0 0.255113 0.029549 0.122332 0.059098
0 0.374667 0.077169 0.105651 0.097309
0 0.971503 0.939047 0.056994 0.102869
0 0.784690 0.761004 0.086060 0.091957
0 0.895805 0.496725 0.096992 0.086713
0 0.713083 0.312176 0.091969 0.095855
0 0.617939 0.212009 0.097309 0.094528
0 0.692816 0.456189 0.103248 0.082441
0 0.759729 0.588734 0.102869 0.113991
0 0.691788 0.726356 0.083058 0.088969
0 0.666515 0.887790 0.094688 0.094886
0 0.237042 0.759719 0.102869 0.083406
0 0.195293 0.688497 0.086097 0.086838
0 0.128886 0.634609 0.091969 0.100087
0 0.332522 0.390544 0.099206 0.104922
0 0.566503 0.394218 0.105651 0.091545
0 0.580674 0.462208 0.093990 0.083356
0 0.564767 0.783679 0.062176 0.056995