0 0.237849 0.182300 0.081334 0.082338
0 0.328216 0.233009 0.093384 0.087359
0 0.281023 0.330909 0.091373 0.088362
0 0.145969 0.959158 0.134552 0.081684
0 0.800148 0.961667 0.089366 0.076666
0 0.713297 0.965684 0.104429 0.068631
0 0.875959 0.891706 0.042173 0.121497
0 0.929680 0.896225 0.125513 0.134550
0 0.987181 0.721006 0.025637 0.117481
0 0.771534 0.440859 0.094385 0.097400
0 0.700240 0.510144 0.092378 0.083341
0 0.611880 0.635156 0.096397 0.072297
0 0.938215 0.031908 0.090372 0.063816
0 0.874455 0.020361 0.055225 0.040722