0 0.166572 0.995336 0.083035 0.009328
0 0.032428 0.426041 0.064855 0.074731
0 0.589008 0.022560 0.122477 0.045120
0 0.423977 0.058612 0.110022 0.110022
0 0.523100 0.132825 0.125589 0.121437
0 0.321743 0.126597 0.038404 0.042556
0 0.174356 0.201847 0.057086 0.080959
0 0.321226 0.293184 0.078885 0.091338
0 0.460308 0.317575 0.035288 0.075769
0 0.753523 0.358575 0.117284 0.130778
0 0.672043 0.473784 0.141160 0.122475
0 0.774799 0.462366 0.076807 0.095491
0 0.887933 0.646081 0.139082 0.130778
0 0.802826 0.717697 0.128705 0.120400