0 0.134067 0.917098 0.076425 0.075130
0 0.056342 0.146813 0.081428 0.088356
0 0.140801 0.235603 0.080563 0.082294
0 0.152062 0.267653 0.080563 0.066700
0 0.701699 0.977079 0.109148 0.045842
0 0.756703 0.934234 0.092689 0.088356
0 0.753672 0.703378 0.081428 0.071900
0 0.701699 0.650538 0.090090 0.077097
0 0.775762 0.656169 0.084027 0.071031
0 0.817775 0.557847 0.100486 0.084025
0 0.789190 0.531859 0.091824 0.094422
0 0.543173 0.025763 0.105684 0.051525
0 0.486434 0.012769 0.068432 0.025538
0 0.466511 0.053256 0.070166 0.065834
0 0.510254 0.066250 0.062369 0.069300
0 0.397934 0.128056 0.080843 0.077356
0 0.404793 0.574482 0.053109 0.063472
0 0.350389 0.573834 0.037565 0.056995
0 0.697539 0.227332 0.042746 0.066062
0 0.659326 0.165155 0.072539 0.073834
0 0.663860 0.326425 0.029793 0.046632
0 0.784326 0.985751 0.071244 0.028497