0 0.948472 0.050763 0.075701 0.083392
0 0.906798 0.091504 0.070074 0.074201
0 0.979260 0.327391 0.041480 0.075066
0 0.955959 0.359456 0.056995 0.079016
0 0.924223 0.238990 0.071244 0.086788
0 0.776554 0.217617 0.086788 0.095855
0 0.689119 0.218763 0.085492 0.085791
0 0.602646 0.040670 0.083406 0.081340
0 0.868287 0.375648 0.091496 0.088083
0 0.784752 0.340430 0.108429 0.106704
0 0.470963 0.278839 0.081390 0.088766
0 0.371791 0.193740 0.077662 0.092144
0 0.158031 0.363289 0.072539 0.086682
0 0.147318 0.466631 0.106918 0.091292
0 0.079959 0.492949 0.077846 0.089232
0 0.068838 0.395506 0.100091 0.100088
0 0.014958 0.395506 0.029915 0.100088
0 0.820895 0.957902 0.113989 0.084196
0 0.640180 0.957706 0.108429 0.084587
0 0.500000 0.884715 0.072539 0.067358
0 0.305052 0.906088 0.081606 0.084197
0 0.195339 0.763891 0.102869 0.108431
0 0.091079 0.800034 0.083406 0.086187
0 0.025259 0.873709 0.050518 0.100087
0 0.604037 0.595684 0.091749 0.094528
0 0.551813 0.663860 0.059585 0.060881
0 0.702737 0.687434 0.083406 0.088969
0 0.519239 0.580311 0.077846 0.062176
0 0.610988 0.449722 0.066726 0.063947
0 0.658031 0.615285 0.064767 0.080311