0 0.059931 0.285222 0.119862 0.101416
0 0.013242 0.536250 0.026483 0.073300
0 0.134924 0.496587 0.070288 0.066272
0 0.631460 0.871625 0.091373 0.065269
0 0.839308 0.963173 0.103424 0.073653
0 0.335247 0.862084 0.143590 0.148609
0 0.252405 0.898231 0.126519 0.086353
0 0.564184 0.730547 0.083340 0.096394
0 0.481845 0.746109 0.077315 0.067275
0 0.511972 0.527716 0.131539 0.130534
0 0.415072 0.531731 0.090372 0.106438
0 0.327215 0.525206 0.053218 0.075309
0 0.712794 0.448894 0.101417 0.101416
0 0.624932 0.441363 0.054224 0.078322
0 0.444696 0.376094 0.077315 0.094387
0 0.789606 0.206400 0.046187 0.084347
0 0.433651 0.096450 0.085347 0.037153
0 0.988186 0.234012 0.023628 0.081334
0 0.935705 0.189328 0.101417 0.108444
0 0.917131 0.272672 0.074302 0.082338
0 0.927673 0.673312 0.141578 0.142584