0 0.778894 0.490326 0.078513 0.066145
0 0.922280 0.137953 0.046632 0.050518
0 0.563472 0.078368 0.075130 0.066062
0 0.494252 0.199500 0.091749 0.080628
0 0.526034 0.350350 0.077466 0.076503
0 0.396167 0.305150 0.048810 0.063947
0 0.024611 0.159187 0.049222 0.105650
0 0.038212 0.404145 0.076424 0.103627
0 0.208549 0.496566 0.069948 0.074226
0 0.016192 0.610555 0.032383 0.074226
0 0.577658 0.966969 0.080629 0.066062
0 0.462103 0.873705 0.061511 0.058290
0 0.106408 0.985751 0.088966 0.028497
0 0.218264 0.869008 0.073834 0.057320
0 0.152202 0.488990 0.047927 0.060881
0 0.340026 0.432642 0.063472 0.067358