0 0.991091 0.123634 0.017818 0.071101
0 0.765324 0.079016 0.072286 0.067358
0 0.703795 0.061348 0.078574 0.076786
0 0.416766 0.014896 0.075794 0.029792
0 0.516492 0.060487 0.086189 0.102869
0 0.503981 0.270397 0.094526 0.116772
0 0.426135 0.203669 0.094526 0.094528
0 0.236399 0.237034 0.073834 0.088969
0 0.138377 0.279793 0.086189 0.075130
0 0.784787 0.941847 0.083406 0.080585
0 0.883487 0.969560 0.097309 0.060880
0 0.523885 0.791477 0.123215 0.108861
0 0.848730 0.731919 0.094526 0.077847
0 0.868193 0.661022 0.111211 0.091747
0 0.619361 0.499766 0.108429 0.102869
0 0.469229 0.526178 0.091749 0.105650
0 0.365933 0.387015 0.089378 0.088664
0 0.398316 0.639260 0.091969 0.081585
0 0.906216 0.514896 0.074091 0.063472