0 0.912643 0.223747 0.075068 0.064075
0 0.909974 0.277123 0.063472 0.064925
0 0.979922 0.330850 0.040155 0.105650
0 0.880530 0.821120 0.088682 0.098198
0 0.798575 0.548592 0.089378 0.081640
0 0.920986 0.490539 0.080629 0.097659
0 0.759224 0.593345 0.085179 0.080149
0 0.701820 0.543965 0.070453 0.085339
0 0.560423 0.420337 0.065682 0.084197
0 0.463634 0.519906 0.077846 0.077847
0 0.474754 0.588022 0.072286 0.052825
0 0.529145 0.549100 0.076425 0.080628
0 0.552600 0.736766 0.077846 0.094528
0 0.638789 0.779859 0.077846 0.069506
0 0.813943 0.868828 0.100091 0.097309
0 0.689767 0.903800 0.045337 0.071849
0 0.798654 0.985153 0.097309 0.029694
0 0.544894 0.973446 0.081196 0.053108
0 0.363999 0.826510 0.085474 0.077549
0 0.329374 0.552461 0.090358 0.089378
0 0.262182 0.675369 0.085723 0.099625
0 0.172520 0.654145 0.070429 0.067358
0 0.065415 0.759864 0.079016 0.097448
0 0.232692 0.830002 0.091611 0.082284
0 0.182573 0.897787 0.082763 0.094991
0 0.277074 0.919243 0.093008 0.091565
0 0.152132 0.977276 0.106577 0.045448