0 0.720556 0.246904 0.078417 0.084482
0 0.785622 0.523870 0.073834 0.086600
0 0.677589 0.499259 0.075385 0.092156
0 0.610751 0.378792 0.053109 0.079203
0 0.980570 0.904906 0.038860 0.058516
0 0.872362 0.846584 0.063944 0.041703
0 0.840393 0.892459 0.066726 0.061166
0 0.839001 0.970306 0.058383 0.055606
0 0.662960 0.921653 0.082397 0.080628
0 0.584845 0.813079 0.084197 0.091458
0 0.496746 0.621400 0.086756 0.086216
0 0.479275 0.261344 0.077720 0.072288
0 0.011010 0.604703 0.022020 0.080628
0 0.093327 0.476733 0.051689 0.075228
0 0.054483 0.474093 0.064924 0.062176
0 0.056347 0.588083 0.032383 0.064767