0 0.023281 0.570391 0.046562 0.099406
0 0.052087 0.828950 0.067276 0.068278
0 0.188645 0.968195 0.091373 0.063610
0 0.318680 0.831963 0.078321 0.074303
0 0.241863 0.751131 0.107442 0.119491
0 0.421098 0.280200 0.120494 0.129531
0 0.471806 0.699419 0.097398 0.068278
0 0.558159 0.751131 0.087359 0.097400
0 0.453232 0.779747 0.102418 0.112459
0 0.682667 0.519681 0.139571 0.142584
0 0.747936 0.729041 0.103424 0.105431
0 0.977643 0.563863 0.044714 0.126519
0 0.947019 0.955644 0.105962 0.088712
0 0.667098 0.987694 0.059585 0.024611