0 0.358228 0.830300 0.155058 0.161987
0 0.572628 0.762300 0.119545 0.136869
0 0.220494 0.486400 0.101351 0.097888
0 0.393313 0.446119 0.103950 0.098753
0 0.384219 0.255978 0.110013 0.106550
0 0.454385 0.180613 0.116945 0.104816
0 0.296724 0.187975 0.104815 0.109147
0 0.108747 0.356463 0.122144 0.129072
0 0.056324 0.284131 0.112648 0.131669
0 0.148599 0.195772 0.135999 0.154194
0 0.728118 0.744544 0.123873 0.136000
0 0.839000 0.709459 0.084027 0.093556
0 0.817775 0.766631 0.102216 0.109147
0 0.959995 0.731550 0.080009 0.101350
0 0.908729 0.679575 0.090090 0.099619
0 0.948734 0.597281 0.102532 0.129072