0 0.957731 0.424406 0.084538 0.092335
0 0.209277 0.929316 0.105651 0.100087
0 0.259257 0.882124 0.072160 0.080311
0 0.281563 0.772231 0.105651 0.097309
0 0.269051 0.699944 0.108429 0.086188
0 0.106408 0.915413 0.100091 0.111209
0 0.415014 0.751378 0.094526 0.088969
0 0.626295 0.983161 0.081606 0.033678
0 0.750097 0.976036 0.080505 0.047927
0 0.740933 0.802045 0.101036 0.090211
0 0.609455 0.628238 0.099742 0.088083
0 0.659926 0.489062 0.089473 0.081461
0 0.640215 0.417746 0.088966 0.068653
0 0.578163 0.376943 0.087198 0.082902
0 0.579441 0.306541 0.099297 0.088969
0 0.497029 0.396351 0.113989 0.098401
0 0.023316 0.032328 0.046632 0.064656
0 0.110104 0.248705 0.069948 0.075130
0 0.085492 0.740285 0.064767 0.066062
0 0.846503 0.846503 0.084197 0.079016
0 0.685233 0.755829 0.062176 0.042746
0 0.461788 0.608161 0.045337 0.050518