0 0.958074 0.938547 0.083852 0.106550
0 0.797035 0.946778 0.110013 0.100484
0 0.888427 0.810775 0.109148 0.097019
0 0.158611 0.585984 0.151594 0.129072
0 0.031443 0.539641 0.062886 0.131669
0 0.473492 0.533575 0.109148 0.091822
0 0.378204 0.432656 0.119545 0.116944
0 0.990991 0.233853 0.018017 0.100484
0 0.701315 0.301853 0.126472 0.115212
0 0.587406 0.201369 0.099616 0.101350
0 0.870670 0.155456 0.103085 0.115212
0 0.396398 0.032466 0.121274 0.064932
0 0.678109 0.808938 0.091969 0.097150
0 0.220207 0.710492 0.126943 0.117876
0 0.110751 0.365933 0.138601 0.097150