0 0.231376 0.981844 0.078828 0.036312
0 0.647176 0.933334 0.142932 0.133332
0 0.452272 0.755353 0.146396 0.144662
0 0.212750 0.748422 0.129936 0.129072
0 0.290714 0.789137 0.083162 0.097887
0 0.772783 0.522766 0.129071 0.124741
0 0.654104 0.566944 0.101351 0.098753
0 0.509442 0.396725 0.106549 0.085759
0 0.515073 0.450866 0.088355 0.071031
0 0.661036 0.316597 0.134270 0.135134
0 0.511177 0.223909 0.096153 0.102219
0 0.529366 0.060412 0.141197 0.120823
0 0.321898 0.078813 0.109148 0.089225
0 0.456600 0.046985 0.103085 0.093970