0 0.136433 0.533741 0.095391 0.096394
0 0.327215 0.677328 0.099405 0.110453
0 0.368885 0.839491 0.088360 0.097400
0 0.315667 0.960663 0.080328 0.078673
0 0.011010 0.912943 0.022020 0.057533
0 0.748439 0.047247 0.020083 0.077316
0 0.566694 0.435838 0.064263 0.081334
0 0.635977 0.369066 0.082339 0.094387
0 0.710284 0.357519 0.064263 0.079325
0 0.583262 0.863591 0.075308 0.107441
0 0.632964 0.978235 0.108443 0.043530
0 0.837804 0.864094 0.090372 0.090369
0 0.819728 0.906769 0.106436 0.097400
0 0.924157 0.741091 0.100411 0.101416
0 0.981157 0.441363 0.037686 0.106437
0 0.866926 0.217947 0.072295 0.071291