0 0.751925 0.883975 0.099617 0.111747
0 0.667898 0.899566 0.106549 0.092688
0 0.700812 0.748406 0.103085 0.095287
0 0.653605 0.679541 0.098752 0.101350
0 0.680889 0.563028 0.092689 0.079694
0 0.732434 0.493294 0.093554 0.087491
0 0.884460 0.559997 0.113477 0.094422
0 0.856739 0.464275 0.106549 0.114344
0 0.116959 0.249878 0.097887 0.104816
0 0.181932 0.212631 0.084027 0.110013
0 0.111329 0.154591 0.097022 0.097887
0 0.129522 0.107381 0.076229 0.050244
0 0.200553 0.144197 0.091824 0.077097
0 0.239535 0.011678 0.086626 0.023356
0 0.985325 0.878344 0.029349 0.117809
0 0.913478 0.834166 0.091824 0.109147
0 0.970600 0.747541 0.058799 0.117809
0 0.928109 0.498057 0.066062 0.076425
0 0.723446 0.622409 0.094560 0.089378