0 0.818087 0.385775 0.133583 0.130672
0 0.877927 0.345462 0.108429 0.116772
0 0.645775 0.191624 0.111211 0.124180
0 0.472007 0.150844 0.119549 0.133453
0 0.424743 0.058741 0.119549 0.117482
0 0.249589 0.238422 0.113989 0.125112
0 0.594338 0.355194 0.113989 0.108431
0 0.554026 0.459453 0.105651 0.116772
0 0.686087 0.512278 0.130669 0.127891
0 0.851513 0.577613 0.072286 0.125112
0 0.780618 0.577613 0.097309 0.119550
0 0.644384 0.698553 0.119549 0.105650
0 0.598258 0.618139 0.139520 0.127469
0 0.383040 0.630437 0.113989 0.108431
0 0.406672 0.712456 0.111211 0.066725
0 0.428912 0.467794 0.139012 0.111209
0 0.452549 0.356584 0.130669 0.094528
0 0.178694 0.449143 0.111211 0.126266
0 0.219006 0.724245 0.113989 0.098750
0 0.194143 0.823666 0.113674 0.105650
0 0.617970 0.965674 0.122332 0.068652
0 0.510932 0.916667 0.108429 0.130396
0 0.408063 0.941825 0.113989 0.102869
0 0.310754 0.939047 0.097309 0.102869
0 0.191205 0.989680 0.097309 0.020640
0 0.252591 0.979922 0.077720 0.040155