0 0.911252 0.032329 0.111211 0.064658
0 0.871273 0.092356 0.081289 0.105443
0 0.777202 0.064286 0.103627 0.089712
0 0.686528 0.049223 0.098446 0.098446
0 0.702737 0.157383 0.077846 0.076425
0 0.769463 0.160575 0.088966 0.097309
0 0.968138 0.328945 0.063724 0.111540
0 0.842475 0.280133 0.079299 0.086174
0 0.793094 0.360753 0.108429 0.113991
0 0.698563 0.620706 0.097309 0.105650
0 0.635425 0.580716 0.071119 0.096665
0 0.573629 0.601247 0.074719 0.105650
0 0.708297 0.747209 0.105651 0.108431
0 0.616580 0.926682 0.093264 0.094823
0 0.737047 0.986399 0.062176 0.027202
0 0.500648 0.729922 0.084197 0.094560
0 0.329016 0.764259 0.095855 0.103606
0 0.313502 0.132775 0.100091 0.097309
0 0.232873 0.121653 0.088966 0.097309
0 0.039980 0.131384 0.079960 0.094528
0 0.051101 0.585953 0.102201 0.108431
0 0.527202 0.591321 0.036269 0.068653
0 0.951425 0.452073 0.097150 0.093264