0 0.981018 0.051766 0.037964 0.072297
0 0.909821 0.068834 0.094385 0.080328
0 0.937434 0.117534 0.073301 0.057234
0 0.896267 0.213931 0.107442 0.093381
0 0.802887 0.196859 0.071294 0.061250
0 0.735108 0.170753 0.076314 0.085350
0 0.636201 0.202884 0.105430 0.099406
0 0.561396 0.145650 0.086353 0.079325
0 0.553364 0.069337 0.060245 0.061250
0 0.474037 0.080384 0.070288 0.075309
0 0.474037 0.004294 0.096397 0.008587
0 0.984531 0.374587 0.030938 0.085350
0 0.920866 0.387141 0.084346 0.078322
0 0.656787 0.491066 0.074302 0.071291
0 0.609092 0.525706 0.089366 0.082338
0 0.723446 0.011658 0.066062 0.023316