0 0.875079 0.289178 0.119549 0.130672
0 0.777770 0.193259 0.119549 0.105650
0 0.925187 0.576934 0.102994 0.094528
0 0.908426 0.687176 0.102837 0.091969
0 0.843105 0.661731 0.100091 0.097309
0 0.815999 0.602979 0.093137 0.091969
0 0.406606 0.417072 0.105651 0.097309
0 0.491404 0.389269 0.113989 0.108431
0 0.501133 0.244694 0.100091 0.097309
0 0.355170 0.471284 0.113989 0.105650
0 0.142076 0.364497 0.128711 0.092250
0 0.464990 0.640881 0.105651 0.100087
0 0.538860 0.795984 0.106218 0.089378
0 0.408679 0.887953 0.097150 0.084197
0 0.684585 0.925837 0.091969 0.086149
0 0.563472 0.019430 0.056995 0.038860