0 0.977157 0.047266 0.045686 0.088969
0 0.755525 0.126500 0.152914 0.152913
0 0.592882 0.222419 0.150132 0.139012
0 0.487235 0.144572 0.150132 0.139012
0 0.215674 0.096613 0.169689 0.148742
0 0.246255 0.260347 0.142770 0.124321
0 0.929404 0.702327 0.123057 0.130043
0 0.677679 0.410088 0.130669 0.108431
0 0.684630 0.307219 0.133452 0.097309
0 0.739526 0.382284 0.098667 0.108431
0 0.709701 0.499986 0.116867 0.126972
0 0.528497 0.400356 0.126943 0.111209
0 0.430238 0.506100 0.125109 0.105463
0 0.444948 0.629898 0.143782 0.136577
0 0.796110 0.776762 0.083947 0.092385
0 0.773316 0.875648 0.090674 0.098446
0 0.670728 0.960131 0.139012 0.079737
0 0.302461 0.610104 0.094560 0.082902
0 0.945596 0.023316 0.108808 0.046632
0 0.301813 0.820596 0.098446 0.079016