0 0.760135 0.966321 0.136849 0.067358
0 0.412303 0.937824 0.157260 0.108808
0 0.381477 0.683263 0.125648 0.136231
0 0.266672 0.703868 0.139562 0.144077
0 0.373057 0.420984 0.132124 0.129534
0 0.701425 0.125822 0.120466 0.127891
0 0.595207 0.108161 0.115285 0.112694
0 0.366580 0.225389 0.082902 0.077720
0 0.557159 0.218264 0.079982 0.079016
0 0.192948 0.345855 0.124466 0.116580
0 0.053109 0.237034 0.106218 0.139012
0 0.073187 0.066062 0.050518 0.075130
0 0.073723 0.469560 0.130669 0.148964
0 0.033386 0.654069 0.066772 0.144572
0 0.650259 0.801166 0.137306 0.076425