0 0.179436 0.914747 0.097398 0.102419
0 0.076013 0.951900 0.085347 0.080328
0 0.420424 0.756600 0.051211 0.057234
0 0.537402 0.640625 0.060245 0.054222
0 0.022193 0.239481 0.044386 0.085350
0 0.040871 0.304747 0.077315 0.077316
0 0.030727 0.367506 0.061454 0.110453
0 0.035748 0.105431 0.071496 0.098403
0 0.219100 0.074806 0.092378 0.079325
0 0.317001 0.074806 0.049200 0.065269
0 0.495234 0.206847 0.084346 0.082338
0 0.578072 0.249522 0.083340 0.085350
0 0.363695 0.291694 0.080328 0.079325
0 0.945579 0.666731 0.101417 0.084347
0 0.969022 0.963398 0.061955 0.073204
0 0.978561 0.999045 0.042878 0.001910