0 0.829237 0.295882 0.113989 0.123261
0 0.818653 0.174769 0.116580 0.118968
0 0.724977 0.286815 0.122332 0.122854
0 0.660622 0.117876 0.098446 0.121762
0 0.573644 0.101036 0.113609 0.119171
0 0.019430 0.191055 0.038860 0.091955
0 0.033030 0.294028 0.066060 0.102869
0 0.108238 0.405433 0.110258 0.108823
0 0.560881 0.418394 0.101036 0.108808
0 0.962579 0.935465 0.074842 0.129070
0 0.951457 0.743407 0.097086 0.082670
0 0.865128 0.743045 0.064453 0.100079
0 0.757772 0.904793 0.129534 0.133420
0 0.173099 0.932094 0.108429 0.111209
0 0.345476 0.989680 0.102869 0.020640
0 0.830959 0.854922 0.099741 0.085492