0 0.974054 0.199688 0.051892 0.106630
0 0.804301 0.028497 0.096061 0.056994
0 0.625765 0.213731 0.105983 0.095855
0 0.543582 0.449009 0.130669 0.119550
0 0.347220 0.488990 0.106357 0.110104
0 0.330893 0.205738 0.139012 0.111209
0 0.403497 0.090359 0.102332 0.119550
0 0.315604 0.016681 0.086189 0.033362
0 0.208561 0.087578 0.100091 0.097309
0 0.028497 0.113563 0.056994 0.089821
0 0.009753 0.169594 0.019506 0.100087
0 0.033386 0.290538 0.066772 0.113991
0 0.255829 0.583853 0.139012 0.155694
0 0.372416 0.596363 0.099727 0.130672
0 0.337220 0.729816 0.118306 0.119550
0 0.240535 0.728425 0.102869 0.133453
0 0.615868 0.786809 0.091749 0.100087
0 0.592236 0.884119 0.088966 0.088969
0 0.494478 0.801104 0.060267 0.065939
0 0.516294 0.898022 0.074039 0.100088
0 0.610586 0.978203 0.092300 0.043594
0 0.039508 0.957352 0.079016 0.085296
0 0.009753 0.576903 0.019506 0.108431