0 0.940415 0.579003 0.119170 0.122331
0 0.865713 0.767229 0.092409 0.087303
0 0.973698 0.166137 0.052604 0.075066
0 0.963969 0.085509 0.072062 0.086188
0 0.708549 0.011658 0.090674 0.023316
0 0.317671 0.499766 0.141794 0.125112
0 0.618570 0.595684 0.076331 0.100087
0 0.543534 0.575250 0.079297 0.090915
0 0.586140 0.853627 0.104922 0.098446
0 0.624891 0.905008 0.122332 0.107082
0 0.666451 0.959197 0.099741 0.081606
0 0.417762 0.803230 0.097309 0.090915
0 0.047927 0.697123 0.095854 0.108345
0 0.001056 0.724966 0.002112 0.080628
0 0.628886 0.105570 0.084197 0.073834
0 0.086140 0.569301 0.084197 0.058290
0 0.923575 0.781088 0.044041 0.059585