0 0.902202 0.837435 0.073834 0.107513
0 0.765156 0.678756 0.109584 0.126943
0 0.799335 0.544250 0.183497 0.169594
0 0.462995 0.323748 0.094383 0.087910
0 0.310008 0.316269 0.133452 0.130672
0 0.284986 0.189769 0.133452 0.161253
0 0.214091 0.064207 0.136234 0.123233
0 0.063256 0.064302 0.126511 0.128603
0 0.187677 0.180038 0.144572 0.136231
0 0.135843 0.256075 0.098112 0.099249
0 0.147365 0.431650 0.125109 0.100088
0 0.209922 0.572053 0.105651 0.102869
0 0.267541 0.617869 0.076317 0.077733
0 0.151577 0.594063 0.077765 0.096848
0 0.164466 0.891218 0.103710 0.090621
0 0.542098 0.968264 0.079016 0.063472
0 0.563384 0.801666 0.121587 0.116286