0 0.821689 0.876613 0.081428 0.077962
0 0.080612 0.556097 0.097887 0.090091
0 0.278120 0.514950 0.089225 0.082294
0 0.439673 0.381116 0.103950 0.088356
0 0.654938 0.393675 0.110013 0.099619
0 0.933436 0.258109 0.124738 0.110881
0 0.167670 0.150259 0.088355 0.077097
0 0.228742 0.332172 0.099616 0.108281
0 0.269458 0.088322 0.110013 0.084894
0 0.028396 0.069700 0.056792 0.090956
0 0.029262 0.132069 0.058524 0.082294
0 0.317967 0.019474 0.092689 0.038948
0 0.026554 0.310881 0.053108 0.064767
0 0.764896 0.353627 0.040155 0.064767
0 0.407383 0.195596 0.060881 0.059585
0 0.299223 0.196244 0.062176 0.058290
0 0.460492 0.479275 0.076425 0.077720