0 0.639249 0.176727 0.076425 0.074007
0 0.586511 0.329024 0.088636 0.082918
0 0.499101 0.287565 0.069508 0.072539
0 0.654145 0.534873 0.082902 0.082699
0 0.501145 0.518143 0.062476 0.067340
0 0.402202 0.517734 0.079016 0.061375
0 0.437674 0.293687 0.064467 0.057703
0 0.378973 0.197373 0.081781 0.081937
0 0.075356 0.015544 0.100584 0.031088
0 0.850802 0.690213 0.105651 0.111209
0 0.943005 0.935881 0.113990 0.112694
0 0.803386 0.890854 0.071985 0.073214
0 0.380473 0.900364 0.128822 0.142278
0 0.575130 0.926936 0.080311 0.071488
0 0.312056 0.788212 0.062417 0.055699
0 0.531736 0.914508 0.024611 0.056995