0 0.794850 0.046468 0.115474 0.092936
0 0.664820 0.066325 0.092378 0.083341
0 0.714522 0.158703 0.135557 0.135556
0 0.878693 0.204391 0.066270 0.090369
0 0.936936 0.221459 0.116475 0.124509
0 0.673355 0.326391 0.083340 0.089366
0 0.707994 0.398688 0.142584 0.131538
0 0.568926 0.576916 0.087359 0.088362
0 0.204431 0.556834 0.075308 0.076313
0 0.807906 0.647706 0.075308 0.077316
0 0.537797 0.794306 0.067276 0.057234
0 0.688917 0.805853 0.076314 0.046191
0 0.546043 0.985751 0.073718 0.028497
0 0.591321 0.884715 0.084197 0.072539