0 0.988342 0.575777 0.023316 0.102332
0 0.656088 0.554153 0.079016 0.092762
0 0.735751 0.242228 0.072539 0.051813
0 0.750332 0.094528 0.095191 0.100087
0 0.017487 0.275355 0.034974 0.089187
0 0.029793 0.638982 0.059585 0.115818
0 0.939767 0.849366 0.094560 0.086188
0 0.906705 0.764993 0.064705 0.071436
0 0.738880 0.746497 0.077846 0.069506
0 0.775259 0.982513 0.084197 0.034974
0 0.694018 0.988990 0.095289 0.022020
0 0.602646 0.836856 0.083406 0.088969
0 0.372438 0.974093 0.078957 0.051813
0 0.916817 0.410088 0.088966 0.097309
0 0.878886 0.051813 0.068653 0.062176
0 0.898964 0.904793 0.059585 0.058290