0 0.440713 0.060130 0.108429 0.120260
0 0.340626 0.035109 0.119549 0.070218
0 0.180761 0.020078 0.116771 0.040155
0 0.083452 0.075778 0.133452 0.127891
0 0.905702 0.824254 0.140419 0.123512
0 0.799365 0.677703 0.113989 0.108431
0 0.681995 0.641928 0.128238 0.120290
0 0.665913 0.567881 0.125109 0.105650
0 0.233584 0.505328 0.105651 0.091747
0 0.154347 0.537300 0.125109 0.122331
0 0.007772 0.352832 0.015544 0.102037
0 0.027823 0.517838 0.055646 0.105650
0 0.165463 0.720797 0.086172 0.105650
0 0.090403 0.744428 0.097309 0.125112
0 0.029216 0.666581 0.058431 0.113991
0 0.020725 0.736399 0.038860 0.053109