0 0.632001 0.855822 0.129071 0.129937
0 0.449655 0.758800 0.091824 0.064103
0 0.047711 0.657450 0.086626 0.109147
0 0.150796 0.628243 0.128207 0.116571
0 0.262976 0.638394 0.132535 0.143797
0 0.344403 0.604609 0.118675 0.131669
0 0.532380 0.529389 0.110013 0.110591
0 0.581606 0.398964 0.134715 0.126943
0 0.534114 0.265038 0.139468 0.142066
0 0.485104 0.343007 0.091969 0.116067
0 0.578726 0.017741 0.103950 0.035482
0 0.989034 0.598544 0.021931 0.109147
0 0.923058 0.663081 0.113477 0.129072
0 0.643694 0.082694 0.093553 0.082294
0 0.712126 0.124272 0.079693 0.066700
0 0.732919 0.232553 0.107414 0.092688
0 0.733808 0.818653 0.097150 0.119171
0 0.684585 0.659326 0.079016 0.103627
0 0.799870 0.716969 0.042746 0.071244