0 0.985855 0.975423 0.028290 0.049154
0 0.941370 0.944840 0.117259 0.110320
0 0.967782 0.879950 0.064436 0.086188
0 0.645029 0.761787 0.091749 0.105650
0 0.592206 0.837990 0.108429 0.085679
0 0.396197 0.535197 0.072286 0.069506
0 0.462923 0.544264 0.077846 0.087638
0 0.529649 0.143184 0.083406 0.086187
0 0.137631 0.077847 0.122332 0.094528
0 0.175019 0.012512 0.114287 0.025023
0 0.020162 0.805052 0.040324 0.073834
0 0.891839 0.374352 0.053109 0.046632
0 0.757124 0.251943 0.058290 0.055699
0 0.671632 0.270078 0.050518 0.060881