0 0.136953 0.904781 0.106549 0.098753
0 0.400294 0.131219 0.078828 0.076231
0 0.341389 0.147247 0.075365 0.073631
0 0.278588 0.181463 0.088355 0.069300
0 0.392065 0.259425 0.076229 0.071031
0 0.314101 0.243400 0.083162 0.078828
0 0.300678 0.094403 0.085761 0.078828
0 0.211153 0.096707 0.093290 0.079424
0 0.356984 0.039622 0.078828 0.079244
0 0.139120 0.061919 0.097022 0.097019
0 0.301110 0.594231 0.091824 0.078828
0 0.345286 0.732397 0.071031 0.071031
0 0.217948 0.683022 0.065833 0.064103
0 0.154715 0.667863 0.081428 0.075363
0 0.280440 0.319301 0.073834 0.079016
0 0.156088 0.599741 0.058290 0.064767
0 0.207254 0.976684 0.077720 0.046632
0 0.019430 0.976684 0.038860 0.046632
0 0.260363 0.028497 0.077720 0.056994