0 0.596367 0.894162 0.084346 0.087359
0 0.523569 0.811825 0.105430 0.109447
0 0.494956 0.686312 0.080328 0.085350
0 0.426674 0.712919 0.096397 0.086353
0 0.395546 0.694847 0.054224 0.066272
0 0.424667 0.778691 0.088360 0.065269
0 0.278065 0.651669 0.098404 0.128525
0 0.205266 0.703884 0.087359 0.082337
0 0.250452 0.743044 0.073301 0.042172
0 0.242420 0.609497 0.115474 0.126519
0 0.374462 0.595437 0.104429 0.114469
0 0.460815 0.504566 0.050205 0.059244
0 0.484912 0.299728 0.084346 0.079325
0 0.320741 0.257556 0.111456 0.117481
0 0.417098 0.961140 0.077720 0.077720