0 0.985035 0.718264 0.029930 0.084197
0 0.953503 0.681569 0.049200 0.105431
0 0.931413 0.476228 0.061250 0.074303
0 0.850578 0.477734 0.060245 0.069284
0 0.919865 0.356237 0.072295 0.075309
0 0.733600 0.082113 0.069283 0.085350
0 0.803385 0.185537 0.060245 0.055225
0 0.695445 0.247291 0.073301 0.078322
0 0.455966 0.068056 0.090372 0.087359
0 0.371117 0.077594 0.085347 0.078322
0 0.334969 0.295991 0.083340 0.077316
0 0.367601 0.453634 0.076314 0.071291
0 0.436884 0.631363 0.084346 0.079325
0 0.377645 0.734788 0.064263 0.067275
0 0.446425 0.771437 0.075308 0.048197
0 0.367098 0.810597 0.049200 0.034141
0 0.368607 0.986632 0.084346 0.026736
0 0.358808 0.965674 0.038860 0.032383