0 0.960153 0.638100 0.079694 0.105650
0 0.702982 0.869171 0.089901 0.103627
0 0.678425 0.967794 0.111211 0.064412
0 0.732639 0.663122 0.108429 0.122331
0 0.625601 0.660344 0.116771 0.116772
0 0.556093 0.514378 0.100091 0.108431
0 0.724301 0.556084 0.108429 0.086187
0 0.672336 0.216970 0.126830 0.130826
0 0.485198 0.159897 0.125109 0.127891
0 0.375378 0.244694 0.139012 0.130672
0 0.061187 0.085493 0.122374 0.132126
0 0.175201 0.371197 0.094526 0.111209
0 0.115908 0.790252 0.120516 0.131931
0 0.034776 0.891557 0.069552 0.128803