0 0.077892 0.895241 0.100091 0.100087
0 0.041749 0.979594 0.083406 0.040812
0 0.095963 0.684366 0.080629 0.089817
0 0.236366 0.785422 0.094526 0.086188
0 0.561653 0.561609 0.083406 0.083406
0 0.545337 0.362869 0.067358 0.069598
0 0.222503 0.398949 0.083490 0.075101
0 0.115285 0.483762 0.075130 0.077847
0 0.059072 0.092444 0.073567 0.070897
0 0.268774 0.171743 0.068636 0.071021
0 0.320596 0.199482 0.060881 0.069948
0 0.295076 0.040155 0.077198 0.080310
0 0.354524 0.031972 0.091749 0.063944
0 0.980570 0.175156 0.038860 0.077847
0 0.974055 0.404067 0.051889 0.090830
0 0.827720 0.704002 0.080311 0.079044
0 0.809585 0.826111 0.069948 0.077091
0 0.334197 0.161917 0.059585 0.051813