0 0.292098 0.512956 0.086788 0.097309
0 0.170337 0.268782 0.086788 0.084197
0 0.630954 0.988990 0.093515 0.022020
0 0.877892 0.895241 0.100091 0.100087
0 0.841749 0.979594 0.083406 0.040812
0 0.754565 0.980570 0.068716 0.038860
0 0.607513 0.809287 0.075130 0.078317
0 0.895963 0.686722 0.080629 0.094528
0 0.912643 0.483762 0.091749 0.077847
0 0.764249 0.474741 0.064767 0.063472
0 0.685517 0.501834 0.082333 0.091747
0 0.729146 0.189056 0.058383 0.061166
0 0.764043 0.225548 0.078132 0.061858
0 0.861211 0.088969 0.077846 0.077847
0 0.683290 0.980570 0.011658 0.002591
0 0.122409 0.207254 0.058290 0.077720
0 0.981865 0.583549 0.036269 0.073834