0 0.423607 0.993298 0.105430 0.013404
0 0.340267 0.970704 0.069283 0.058592
0 0.185129 0.495081 0.092378 0.097400
0 0.139948 0.632644 0.120494 0.095391
0 0.260437 0.649213 0.062256 0.058238
0 0.333739 0.674316 0.096397 0.088362
0 0.054093 0.560850 0.083340 0.088362
0 0.021776 0.516669 0.043551 0.074303
0 0.607359 0.654734 0.071294 0.087359
0 0.698736 0.650719 0.105430 0.105431
0 0.515986 0.937394 0.073301 0.074303
0 0.635474 0.021866 0.087359 0.043731
0 0.947253 0.894719 0.068282 0.075309
0 0.857887 0.951627 0.100411 0.096746