0 0.349601 0.943504 0.111747 0.112992
0 0.290696 0.953898 0.130806 0.092203
0 0.299358 0.806444 0.115211 0.121275
0 0.626370 0.822037 0.123008 0.124741
0 0.634163 0.948268 0.123008 0.103464
0 0.474776 0.614138 0.110882 0.124741
0 0.402443 0.673044 0.096153 0.119544
0 0.307377 0.617160 0.109574 0.089242
0 0.347662 0.530741 0.081878 0.096550
0 0.462646 0.515819 0.117810 0.123875
0 0.750243 0.462109 0.100486 0.104816
0 0.735081 0.580788 0.116945 0.123875
0 0.436227 0.445650 0.094423 0.077097
0 0.351036 0.742876 0.075130 0.066062
0 0.401554 0.562176 0.031088 0.077720