0 0.698023 0.000763 0.106906 0.001525
0 0.753553 0.024116 0.095490 0.048232
0 0.518981 0.026712 0.095490 0.053423
0 0.309836 0.012180 0.090301 0.024359
0 0.754592 0.088194 0.105867 0.086147
0 0.761853 0.137494 0.101717 0.074731
0 0.587483 0.159291 0.110022 0.114172
0 0.886925 0.331587 0.065391 0.089263
0 0.754070 0.469113 0.111056 0.119362
0 0.694390 0.385559 0.122477 0.132856
0 0.637825 0.497138 0.138044 0.123512
0 0.415186 0.439012 0.072657 0.077844
0 0.829839 0.660094 0.127666 0.119362
0 0.771714 0.723406 0.113134 0.104831
0 0.294269 0.938259 0.084074 0.088225
0 0.591117 0.995337 0.077846 0.009326