0 0.432313 0.985949 0.090954 0.028102
0 0.947661 0.980752 0.104678 0.038496
0 0.341354 0.936816 0.084027 0.103084
0 0.452236 0.923822 0.134270 0.115212
0 0.266859 0.912559 0.059770 0.101350
0 0.512871 0.640991 0.113477 0.097019
0 0.230476 0.598544 0.104815 0.109147
0 0.290246 0.616738 0.078828 0.098753
0 0.123058 0.662565 0.113477 0.104922
0 0.979712 0.468175 0.040575 0.084025
0 0.674870 0.633420 0.077720 0.080311
0 0.714378 0.717617 0.066062 0.075130
0 0.368523 0.803756 0.063472 0.076425
0 0.239637 0.779145 0.069948 0.073834
0 0.217617 0.678756 0.059585 0.062176
0 0.520078 0.784326 0.042746 0.058290
0 0.522021 0.865933 0.038860 0.050518
0 0.985751 0.644430 0.028497 0.050518
0 0.733808 0.449482 0.084197 0.072539
0 0.818653 0.598446 0.044041 0.056995