0 0.198834 0.038245 0.120466 0.076490
0 0.977191 0.665803 0.045618 0.095855
0 0.893782 0.767948 0.111399 0.104001
0 0.840485 0.512991 0.111021 0.122331
0 0.943828 0.497744 0.112344 0.125022
0 0.887529 0.382124 0.110953 0.106218
0 0.619723 0.195218 0.125838 0.118416
0 0.515276 0.117703 0.117117 0.132469
0 0.408063 0.143262 0.113989 0.099995
0 0.310754 0.147702 0.097309 0.085559
0 0.287123 0.244694 0.088966 0.097309
0 0.242637 0.200213 0.072286 0.102869
0 0.191205 0.233575 0.097309 0.108431
0 0.385823 0.269719 0.108429 0.108431
0 0.488610 0.373978 0.119708 0.133453
0 0.605477 0.404400 0.130643 0.110890
0 0.662565 0.333662 0.115285 0.119550
0 0.039301 0.408096 0.078602 0.098576
0 0.015668 0.512991 0.031336 0.094528
0 0.391383 0.853569 0.108429 0.113991
0 0.292683 0.715947 0.122332 0.105650
0 0.284326 0.555052 0.076425 0.081606
0 0.231517 0.430972 0.105651 0.097309
0 0.288514 0.886934 0.119549 0.119550
0 0.135599 0.977524 0.097309 0.044952
0 0.071651 0.966404 0.069508 0.067192
0 0.972150 0.806347 0.055699 0.079016