0 0.047228 0.987267 0.094456 0.025466
0 0.390714 0.950018 0.112612 0.099964
0 0.266841 0.586453 0.095288 0.105681
0 0.459146 0.701663 0.109148 0.109147
0 0.406741 0.453481 0.108283 0.118675
0 0.545340 0.393712 0.110013 0.103084
0 0.597317 0.317047 0.080563 0.093556
0 0.704298 0.282831 0.100486 0.101350
0 0.624168 0.207034 0.103085 0.105681
0 0.762766 0.241684 0.078828 0.083159
0 0.784424 0.128637 0.096153 0.103084
0 0.318653 0.819301 0.038860 0.060881
0 0.259715 0.841969 0.089378 0.090674
0 0.134067 0.983808 0.042746 0.032383