0 0.667064 0.956497 0.106549 0.087006
0 0.440543 0.881809 0.079693 0.093556
0 0.321863 0.869247 0.103950 0.115212
0 0.242602 0.827234 0.120409 0.121275
0 0.100535 0.685603 0.108283 0.113478
0 0.168539 0.763131 0.102216 0.086625
0 0.223976 0.649222 0.121274 0.125606
0 0.330525 0.687769 0.110882 0.110881
0 0.285048 0.752738 0.080563 0.088356
0 0.511574 0.537906 0.124738 0.117809
0 0.355646 0.490263 0.109148 0.109147
0 0.403723 0.414900 0.129071 0.114344
0 0.504209 0.401041 0.099616 0.105681
0 0.413687 0.258541 0.117810 0.116944
0 0.350370 0.254118 0.076387 0.091138
0 0.486020 0.131634 0.129071 0.123006
0 0.683956 0.156325 0.133405 0.134269
0 0.568744 0.040263 0.121274 0.080526
0 0.795984 0.333549 0.091969 0.104922
0 0.188472 0.481865 0.079016 0.103627
0 0.121762 0.493523 0.090674 0.069948