0 0.937824 0.661269 0.124352 0.117876
0 0.182863 0.110239 0.136234 0.147940
0 0.344560 0.339903 0.139896 0.155694
0 0.730570 0.437824 0.113990 0.113990
0 0.360546 0.627948 0.120056 0.113408
0 0.445596 0.765544 0.126943 0.108808
0 0.090246 0.954926 0.115725 0.090148
0 0.120306 0.731919 0.127892 0.111209
0 0.047280 0.594294 0.094560 0.141794
0 0.008720 0.491425 0.017439 0.125112
0 0.028497 0.206994 0.056994 0.121243
0 0.015670 0.326000 0.031339 0.111209
0 0.049033 0.869541 0.098065 0.086187
0 0.868523 0.701425 0.079016 0.047927