0 0.739591 0.964658 0.072286 0.070684
0 0.695105 0.812544 0.100091 0.111209
0 0.663136 0.701334 0.097309 0.116772
0 0.578338 0.769450 0.111211 0.097309
0 0.487976 0.795863 0.075068 0.083406
0 0.789185 0.625648 0.073189 0.095855
0 0.836899 0.594294 0.077846 0.075066
0 0.906408 0.495175 0.083406 0.077007
0 0.929404 0.351899 0.086788 0.087218
0 0.815597 0.071331 0.101967 0.108984
0 0.770174 0.321521 0.077846 0.075685
0 0.718737 0.376047 0.097309 0.100087
0 0.330893 0.360753 0.088966 0.080628
0 0.309373 0.179382 0.062602 0.076380
0 0.083509 0.035109 0.094640 0.070218
0 0.031995 0.068828 0.063989 0.097309
0 0.023654 0.213400 0.047308 0.086188
0 0.068163 0.260666 0.097309 0.102869
0 0.080619 0.380829 0.083517 0.088083
0 0.180761 0.413578 0.088966 0.086188
0 0.234975 0.292638 0.086189 0.072288
0 0.231114 0.458290 0.089586 0.074611
0 0.279461 0.394116 0.097309 0.069506
0 0.248057 0.533128 0.081606 0.080628
0 0.416635 0.545969 0.094855 0.098125
0 0.352033 0.487091 0.063784 0.068688
0 0.400279 0.482184 0.049063 0.049063