0 0.979275 0.611187 0.041450 0.114414
0 0.911917 0.408019 0.121762 0.119550
0 0.693719 0.303759 0.125109 0.144572
0 0.554381 0.275790 0.085538 0.105983
0 0.450447 0.243928 0.111211 0.086301
0 0.431995 0.337175 0.107513 0.088859
0 0.318381 0.361267 0.119549 0.124088
0 0.439322 0.395725 0.144572 0.123057
0 0.398964 0.490626 0.129534 0.106831
0 0.208604 0.434784 0.111289 0.117478
0 0.645064 0.458495 0.105651 0.103736
0 0.550533 0.413212 0.094526 0.116580
0 0.754884 0.448331 0.108429 0.111209
0 0.745151 0.595684 0.094526 0.111209
0 0.651784 0.644250 0.113531 0.102691
0 0.558876 0.952146 0.116772 0.095708
0 0.417746 0.961877 0.099741 0.076246
0 0.356761 0.892878 0.115076 0.110618