0 0.621428 0.950166 0.108429 0.097309
0 0.731982 0.547306 0.090439 0.086735
0 0.738935 0.349634 0.076535 0.108431
0 0.683726 0.345437 0.100613 0.088918
0 0.669041 0.280128 0.068653 0.080628
0 0.741335 0.045337 0.092460 0.090674
0 0.639504 0.036498 0.094526 0.072996
0 0.460176 0.029548 0.086189 0.059095
0 0.342512 0.016192 0.084405 0.032383
0 0.317358 0.057706 0.085492 0.091747
0 0.368427 0.355194 0.086189 0.063947
0 0.383721 0.417750 0.100091 0.105650
0 0.365649 0.679094 0.086189 0.088969
0 0.346187 0.752769 0.119549 0.086188
0 0.259913 0.965674 0.091574 0.068652
0 0.192112 0.936528 0.094069 0.085492
0 0.016704 0.758328 0.033408 0.097309
0 0.095546 0.495429 0.096474 0.089304