0 0.039508 0.073709 0.079016 0.100087
0 0.833376 0.835497 0.136234 0.139012
0 0.913860 0.333663 0.079016 0.091747
0 0.688799 0.130706 0.113989 0.108431
0 0.634585 0.239481 0.111211 0.109121
0 0.570641 0.162678 0.100091 0.094528
0 0.502524 0.117720 0.086189 0.093577
0 0.307906 0.257206 0.097309 0.094528
0 0.161943 0.262766 0.111211 0.116772
0 0.181406 0.483797 0.139012 0.125112
0 0.620687 0.410119 0.116772 0.116772
0 0.756916 0.539403 0.083406 0.086187
0 0.591490 0.700656 0.113989 0.113991
0 0.148316 0.707606 0.112694 0.116772
0 0.590104 0.974741 0.088966 0.050518
0 0.472150 0.991580 0.089378 0.016839
0 0.778497 0.918394 0.098446 0.101036
0 0.560881 0.219560 0.049223 0.071244
0 0.953368 0.544041 0.059585 0.056995