0 0.759115 0.864637 0.098541 0.097150
0 0.548575 0.563713 0.071244 0.086188
0 0.491533 0.652202 0.055794 0.076425
0 0.237694 0.414508 0.099741 0.062176
0 0.228704 0.199500 0.113989 0.097309
0 0.287565 0.116580 0.113990 0.106218
0 0.143135 0.147819 0.104922 0.116279
0 0.177886 0.072832 0.084643 0.071952
0 0.642803 0.938472 0.080942 0.079016
0 0.480963 0.911269 0.084705 0.055699
0 0.159326 0.908626 0.085492 0.092074
0 0.036678 0.826447 0.069131 0.100087
0 0.088731 0.629638 0.047927 0.056786
0 0.026080 0.636000 0.052160 0.080628