0 0.957254 0.239133 0.085492 0.100028
0 0.593912 0.128886 0.146373 0.141192
0 0.859899 0.447762 0.116990 0.105368
0 0.695611 0.565542 0.155409 0.135756
0 0.808290 0.754899 0.139896 0.158595
0 0.599833 0.390625 0.113989 0.141794
0 0.395725 0.379503 0.164508 0.136231
0 0.424854 0.515356 0.147702 0.129909
0 0.178756 0.421206 0.142487 0.136231
0 0.074020 0.300518 0.148040 0.145078
0 0.091713 0.698536 0.162701 0.143185
0 0.215674 0.819367 0.185233 0.112826
0 0.556347 0.259067 0.076425 0.111399
0 0.042746 0.944301 0.085492 0.111398