0 0.150328 0.980752 0.110013 0.038496
0 0.194301 0.459197 0.088083 0.089378
0 0.559632 0.957172 0.081428 0.081428
0 0.882743 0.960828 0.109148 0.078344
0 0.745010 0.680838 0.097022 0.100484
0 0.887077 0.599844 0.098752 0.092688
0 0.814311 0.560428 0.107414 0.084894
0 0.681339 0.448684 0.077094 0.072766
0 0.986416 0.236884 0.027167 0.127338
0 0.835532 0.188809 0.130806 0.124741
0 0.638050 0.259841 0.063278 0.088356
0 0.927788 0.896969 0.100486 0.099619
0 0.395480 0.973822 0.078828 0.052356
0 0.231323 0.974255 0.084891 0.051490
0 0.506477 0.220207 0.075130 0.075130
0 0.200777 0.636010 0.051813 0.046632
0 0.705959 0.330959 0.077720 0.060881
0 0.019430 0.599741 0.038860 0.062176