0 0.330944 0.414466 0.121274 0.125606
0 0.774027 0.939847 0.122144 0.117809
0 0.520651 0.388047 0.107414 0.105681
0 0.574357 0.595513 0.095288 0.115212
0 0.909167 0.223459 0.116945 0.107416
0 0.963460 0.126872 0.073079 0.115212
0 0.831203 0.140297 0.120409 0.109147
0 0.816910 0.058454 0.124738 0.116908
0 0.535376 0.009945 0.103950 0.019890
0 0.672244 0.127303 0.114346 0.114344
0 0.185233 0.310881 0.088083 0.090674
0 0.619171 0.393782 0.103627 0.090674
0 0.680052 0.590026 0.059585 0.081606
0 0.505829 0.586140 0.073834 0.073834
0 0.833549 0.220855 0.071244 0.076425
0 0.602979 0.155440 0.071244 0.085492