0 0.488186 0.954989 0.088355 0.090022
0 0.126943 0.776144 0.069948 0.080562
0 0.141931 0.682458 0.079199 0.077352
0 0.442272 0.777009 0.053707 0.066700
0 0.403723 0.770513 0.075365 0.081428
0 0.774045 0.696016 0.086626 0.074497
0 0.775347 0.530128 0.075365 0.080563
0 0.686555 0.556550 0.091824 0.084894
0 0.431025 0.417381 0.079666 0.096420
0 0.477176 0.440155 0.076736 0.091192
0 0.644974 0.236469 0.081428 0.073631
0 0.487047 0.873057 0.046632 0.036269
0 0.845207 0.243523 0.060881 0.054404
0 0.925518 0.358808 0.047927 0.062176
0 0.832902 0.669689 0.067358 0.069948
0 0.832902 0.612694 0.046632 0.036269
0 0.768135 0.595207 0.072539 0.055699
0 0.378886 0.452073 0.040155 0.041451